1.290469226259199257e-05
2.538628909627965786e-05
2.497684205721401206e-05
2.048366123721813466e-05
1.621534222720511789e-05
1.604731170985772471e-05
1.588272801480253722e-05
1.572148616268006385e-05
1.556348539440736303e-05
1.540862896121274469e-05
1.525682392708410556e-05
1.510798098278056189e-05
1.496201427062608816e-05
1.481884121936287487e-05
1.467838238839693319e-05
1.454056132081866120e-05
1.440530440462624814e-05
1.427254074162511838e-05
1.414220202350872049e-05
1.401422241466904740e-05
1.388853844131431115e-05
1.376508888649830975e-05
1.364381469069992138e-05
1.352465885761340984e-05
1.340756636483074337e-05
1.329248407912494049e-05
1.317936067606039900e-05
1.306814656367157336e-05
1.295879380997472508e-05
1.285125607408993605e-05
1.274548854076254620e-05
1.264144785809326041e-05
1.253909207829287625e-05
1.243838060129233270e-05
1.233927412104866480e-05
1.224173457439774750e-05
1.214572509231403449e-05
1.205120995344552230e-05
1.195815453980304618e-05
1.186652529448491141e-05
1.177628968133140456e-05
1.168741614640707982e-05
1.159987408121247144e-05
1.151363378753777109e-05
1.142866644387366523e-05
1.134494407329690760e-05
1.126243951275810563e-05
1.118112638370082582e-05
1.110097906394264101e-05
1.102197266075837149e-05
1.094408298510411345e-05
1.086728652692666564e-05
1.079156043150532998e-05
1.071688247677602300e-05
1.064323105159061839e-05
1.057058513486610107e-05
1.049892427558326143e-05
8.342582858873439028e-06
6.231759809589939383e-06
6.206784303318389455e-06
4.121338805490128717e-06
2.057931137083908355e-06
2.055200139766424218e-06
2.052476381892719807e-06
2.049759834715320633e-06
2.047050469639777177e-06
2.044348258222119984e-06
2.041653172167872441e-06
2.038965183332595424e-06
2.036284263719367373e-06
2.033610385477824180e-06
2.030943520904716960e-06
2.028283642441426010e-06
2.025630722673018485e-06
2.022984734328824801e-06
2.020345650279983093e-06
2.017713443538515942e-06
2.015088087257923302e-06
2.012469554730756173e-06
2.009857819387710699e-06
2.007252854798244386e-06
2.004654634668167139e-06
2.002063132838766277e-06
1.999478323287426562e-06
1.996900180125257656e-06
1.994328677596233966e-06
1.991763790077832031e-06
1.989205492078680853e-06
1.986653758237722489e-06
1.984108563324864265e-06
1.981569882238654521e-06
1.979037690005461407e-06
1.976511961780140348e-06
1.973992672843729692e-06
1.971479798602654920e-06
1.968973314589404580e-06
1.966473196460251345e-06
1.963979419994474435e-06
1.961491961095046986e-06
1.959010795786383366e-06
1.956535900213578112e-06
1.954067250643104316e-06
1.951604823460584228e-06
1.949148595170045986e-06
1.946698542394633431e-06
1.944254641874403397e-06
1.941816870465589217e-06
1.939385205141333404e-06
1.936959622989498496e-06
1.934540101211951737e-06
1.932126617125307077e-06
1.929719148158755075e-06
1.927317671853371716e-06
1.924922165862857878e-06
1.922532607951404801e-06
1.920148975993005880e-06
1.917771247972215599e-06
1.915399401982031109e-06
1.913033416223218833e-06
1.910673269005085687e-06
1.908318938743377175e-06
1.905970403959624742e-06
1.903627643281921662e-06
1.901290635442840393e-06
1.898959359278798363e-06
1.896633793730839355e-06
1.894313917842573525e-06
1.891999710759552292e-06
1.889691151730063489e-06
1.887388220103088108e-06
1.885090895327690225e-06
1.882799156953817233e-06
1.880512984630280095e-06
1.878232358104152371e-06
1.875957257221582099e-06
1.873687661925785389e-06
1.871423552256465144e-06
1.869164908350624848e-06
1.866911710440584176e-06
1.864663938853406408e-06
1.862421574011723005e-06
1.860184596431767442e-06
1.857952986722810658e-06
1.855726725587997500e-06
1.853505793822393465e-06
1.851290172312437517e-06
1.849079842036779382e-06
1.846874784064349367e-06
1.844674979553816898e-06
1.842480409754440090e-06
1.840291056003994120e-06
1.838106899729010937e-06
1.835927922444100786e-06
1.833754105751430437e-06
1.831585431340205437e-06
1.829421880986156597e-06
1.827263436551179574e-06
1.825110079982071107e-06
1.822961793311543965e-06
1.820818558656356069e-06
1.818680358216823446e-06
1.816547174277684839e-06
1.814418989206248820e-06
1.812295785451913523e-06
1.810177545547040786e-06
1.808064252105118295e-06
1.805955887820284403e-06
1.803852435468213067e-06
1.801753877904287430e-06
1.799660198063136922e-06
1.797571378959524949e-06
1.795487403686538569e-06
1.793408255415134698e-06
1.791333917395032458e-06
1.789264372952917253e-06
1.787199605491996294e-06
1.785139598492896234e-06
1.783084335511880808e-06
1.781033800180413757e-06
1.778987976206065157e-06
1.776946847370736882e-06
1.774910397530242268e-06
1.772878610615207353e-06
1.770851470629319212e-06
1.768828961648905198e-06
1.766811067823848368e-06
1.764797773375837725e-06
1.762789062597966730e-06
1.760784919855644491e-06
1.758785329584865065e-06
1.756790276291809354e-06
1.754799744553762653e-06
1.752813719017396867e-06
1.750832184398380026e-06
1.748855125482297016e-06
1.746882527122944494e-06
1.744914374241948248e-06
1.742950651829687730e-06
1.740991344943604318e-06
1.739036438707823965e-06
1.737085918314087243e-06
1.735139769020067555e-06
1.733197976149003523e-06
1.731260525090631153e-06
1.729327401299514116e-06
1.727398590294683335e-06
1.725474077660571691e-06
1.232341002067397264e-06
7.407736696497325605e-07
7.404195231962436891e-07
4.302707646761160645e-07
1.204664431216450556e-07
1.204570735917772704e-07
4.903942296145456178e-07
8.598630933911831827e-07
8.593859632400534666e-07
1.288364043561515431e-06
1.715915489961204436e-06
1.714016468383684158e-06
1.712121646042057141e-06
1.710231009023464179e-06
1.708344543477291974e-06
1.706462235613547683e-06
1.704584071702530270e-06
1.702710038075772401e-06
1.700840121124428972e-06
1.698974307298952688e-06
1.697112583110038507e-06
1.695254935127024658e-06
1.693401349977570974e-06
1.691551814348610960e-06
1.478493025611697668e-06
1.266243623489406321e-06
1.265209203811098639e-06
8.427843153715657882e-07
4.212775346914634078e-07
4.211629740459597255e-07
1.052621189246005457e-06
1.682364417086614168e-06
1.680538902228317439e-06
1.678717345305445842e-06
1.676899733460183231e-06
1.675086053891182610e-06
1.673276293852003983e-06
1.671470440650823621e-06
1.669668481651385903e-06
1.667870404271454315e-06
1.666076195982525147e-06
1.664285844310783159e-06
1.662499336835558924e-06
1.660716661189050788e-06
1.658937805057279897e-06
1.657162756178561311e-06
1.655391502343225954e-06
1.653624031394580946e-06
1.651860331227387695e-06
1.650100389787591266e-06
1.648344195073281346e-06
1.646591735133180496e-06
1.644842998066375010e-06
1.643097972023282015e-06
1.231017483903039132e-06
8.202436826648425732e-07
8.198095029294507621e-07
8.193757826652810324e-07
8.189425211438089222e-07
8.185097176372314303e-07
1.227116057129676704e-06
1.634428095913447877e-06
1.632705089956732594e-06
1.630985713465661321e-06
1.629269954984385979e-06
1.627557803106030547e-06
1.625849246471216374e-06
1.624144273767811040e-06
1.622442873731900319e-06
1.012965646966414385e-06
4.050802826665420736e-07
4.049743619761197061e-07
8.097369933436763071e-07
1.213653697923442713e-06
1.212703396573276435e-06
1.413713679543258851e-06
1.613989072598606744e-06
1.612308874639644985e-06
1.610632171804588554e-06
1.608958953199142359e-06
1.607289207975043948e-06
1.605622925328617625e-06
1.603960094500548079e-06
1.602300704776848334e-06
1.600644745487427623e-06
1.598992206005863964e-06
1.597343075750376131e-06
1.595697344182399150e-06
1.594055000806358573e-06
1.592416035170647947e-06
1.590780436866204533e-06
1.589148195526297969e-06
1.587519300827496310e-06
1.585893742488260168e-06
1.584271510268727353e-06
1.582652593971686111e-06
1.581036983441171382e-06
1.579424668562255583e-06
1.577815639262022905e-06
1.576209885508170439e-06
1.574607397308807431e-06
1.573008164713423861e-06
1.571412177811505973e-06
1.569819426732331074e-06
1.568229901645944592e-06
1.174982694571266001e-06
7.829258206733414443e-07
7.825302451642856883e-07
7.821350692472291651e-07
7.817402923174252905e-07
7.813459137705674080e-07
1.171427899506068096e-06
1.560330324814970852e-06
1.558759951460824778e-06
1.557192736389663963e-06
1.555628670083420894e-06
1.554067743063011691e-06
1.552509945886974715e-06
1.550955269151283793e-06
1.549403703490322309e-06
1.547855239575530703e-06
1.546309868115220759e-06
1.544767579855551810e-06
1.543228365579181628e-06
1.541692216105087912e-06
1.540159122289542371e-06
1.538629075024769666e-06
1.537102065238769528e-06
1.535578083896293814e-06
1.534057121997509673e-06
1.532539170577827815e-06
1.531024220708874266e-06
1.529512263497164975e-06
1.528003290083934924e-06
1.526497291646110734e-06
1.524994259394990141e-06
1.523494184576076401e-06
1.521997058470048353e-06
1.520502872391447309e-06
1.519011617688513997e-06
1.517523285744158629e-06
1.516037867974656255e-06
1.514555355829481382e-06
1.513075740792283330e-06
1.511599014379582654e-06
1.510125168140613801e-06
1.508654193658295811e-06
1.507186082547937210e-06
1.505720826457080569e-06
1.504258417066471943e-06
9.392492788054533418e-07
3.756085989694893569e-07
3.755175306058521247e-07
7.508530127981638023e-07
1.125461095197325718e-06
1.124643859970807926e-06
9.365231757747101515e-07
7.488562906354065155e-07
7.484943908400779505e-07
7.481328407262624553e-07
7.477716397877932576e-07
7.474107875187345076e-07
1.120575425121873026e-06
1.492660635375398809e-06
1.491223477179742663e-06
1.489789084238647629e-06
1.488357448578879497e-06
1.486928562258569260e-06
1.485502417365947443e-06
1.484079006019204546e-06
1.482658320367453491e-06
1.481240352589475163e-06
1.479825094893574842e-06
1.478412539518551413e-06
1.477002678732440802e-06
1.475595504832383196e-06
1.474191010145582099e-06
1.472789187028063006e-06
1.471390027864534277e-06
1.469993525069353177e-06
1.468599671085282857e-06
1.467208458383361697e-06
1.465819879463865329e-06
1.464433926855068688e-06
1.463050593113119816e-06
1.461669870822998272e-06
1.460291752597287782e-06
1.458916231076044742e-06
1.457543298927762135e-06
1.456172948848143033e-06
1.454805173559976077e-06
1.453439965814093903e-06
1.452077318388154888e-06
1.450717224086519067e-06
1.449359675741206969e-06
1.448004666210685610e-06
1.446652188379746519e-06
1.445302235160464581e-06
1.443954799490989319e-06
1.442609874335422498e-06
1.441267452684779508e-06
1.439927527555782130e-06
1.438590091990742707e-06
1.437255139058519590e-06
1.076941996389929177e-06
7.176286747485935925e-07
7.172963267473487210e-07
7.169642864947820329e-07
7.166325535640204745e-07
7.163011275282652137e-07
1.073955011942916201e-06
1.430617373078213469e-06
1.429297171811990376e-06
1.427979405371274305e-06
1.426664067026573568e-06
1.425351150073884544e-06
1.424040647833503505e-06
1.422732553649920736e-06
1.421426860892770697e-06
1.420123562955652102e-06
1.418822653256022045e-06
1.417524125236145518e-06
1.416227972361921004e-06
1.414934188122774808e-06
1.413642766032610794e-06
1.412353699628640631e-06
1.411066982471279185e-06
1.409782608145093408e-06
1.408500570257638090e-06
1.407220862439351252e-06
1.405943478344504518e-06
1.404668411650040345e-06
1.403395656055471233e-06
1.402125205283828610e-06
8.755356581752857286e-07
3.501350933625876713e-07
3.500559592484279920e-07
6.999537218066445263e-07
1.049219340723229880e-06
1.048509061889474319e-06
1.222433034962791556e-06
1.395807305645718806e-06
1.394550553251980918e-06
1.393296062370182592e-06
1.392043826901516778e-06
1.390793840769780560e-06
1.389546097920231233e-06
1.388300592319490386e-06
1.387057317956488546e-06
1.385816268841325499e-06
1.384577439005176908e-06
1.383340822501236420e-06
1.382106413403580644e-06
1.380874205807077460e-06
1.379644193828327708e-06
9.614454191940934992e-07
5.442831336188667659e-07
5.440919349062916615e-07
3.442410572812100021e-07
1.445677491145399416e-07
1.445542566903875320e-07
1.410993199567554818e-07
1.376456396162404255e-07
1.376334082785685131e-07
8.945376642472358791e-08
4.128525323694968490e-08
4.128415279805469953e-08
6.880508736297931771e-08
9.632113188149080817e-08
9.631514220003115645e-08
2.545313336253458513e-07
4.126435492657010313e-07
4.125336431335335617e-07
8.935848903449569624e-07
1.373526863729213623e-06
1.372309903064231994e-06
1.371095097412145047e-06
1.369882441053869121e-06
1.368671928291220666e-06
1.367463553445800496e-06
1.366257310858906539e-06
1.365053194892471292e-06
1.363851199927946281e-06
1.362651320366217778e-06
1.361453550628542140e-06
9.487798748958486960e-07
5.371155394510536724e-07
5.369293434752419468e-07
3.397109345408389170e-07
1.426654504618843184e-07
1.426523108378653363e-07
1.324506612319446603e-07
1.222524986575834490e-07
1.222428500092127042e-07
9.846563565656132589e-08
7.469446610293377641e-08
7.469086412419091185e-08
7.468726249289896380e-08
7.468366120889464017e-08
7.468006027235379294e-08
2.410013017048338587e-07
4.072190520925051747e-07
4.071120167671237578e-07
8.818442483628996904e-07
1.355496155398585233e-06
1.354310928535453717e-06
9.438066216582524416e-07
5.343010934295818194e-07
5.341168437180938901e-07
3.379321019390476258e-07
1.419184780628283256e-07
1.419054756946669683e-07
1.283789065941606220e-07
1.148568196265577216e-07
1.148483030376696308e-07
1.047068652668278448e-07
9.456816850284053090e-08
9.456239488920357757e-08
7.767151091258304522e-08
6.078401434112049139e-08
6.078162902488626353e-08
2.329871016010832887e-07
4.050889854633871685e-07
4.049830670499387057e-07
8.772339420487574732e-07
1.348415755726126995e-06
1.347242875756865217e-06
1.346072034836430744e-06
1.344903227652160086e-06
1.343736448910498605e-06
9.364437561017326333e-07
5.301343075982055339e-07
5.299529205645188804e-07
3.352985174930632373e-07
1.408125745372279153e-07
1.407997740554858636e-07
1.072662673533592805e-07
7.374204778009062112e-08
7.373853708921979092e-08
1.340636849686246265e-07
1.943679490000404830e-07
1.943435609184851809e-07
2.981794297796432513e-07
4.019353509170064760e-07
4.018310753769610820e-07
8.704081835357466416e-07
1.337932797834064024e-06
1.336778079598165406e-06
7.345939442914660244e-07
1.335510189978721659e-07
1.335395046562737068e-07
2.637177847932513215e-07
3.938074251239732579e-07
3.937073238877296246e-07
2.668523888397252408e-07
1.400848333570318813e-07
1.400721648654090867e-07
1.967502481251339619e-07
2.533995342155896146e-07
2.533580844138764164e-07
1.333245516700786559e-07
1.333234040491993216e-08
1.333222564483029637e-08
2.066477187444973273e-07
3.998600718581967104e-07
3.997568704244904051e-07
8.659163982296249385e-07
1.331034264122353099e-06
1.329891420370602506e-06
9.268035001732538707e-07
5.246786692744386217e-07
5.245009965241759944e-07
2.853912417201885905e-07
4.645764584511592723e-08
4.645625242406945063e-08
6.968228862999348718e-08
9.290414532514049800e-08
9.289857314555905490e-08
8.294018003074155669e-08
7.298391924011566664e-08
7.298048037741169260e-08
5.639135051191744857e-08
3.980463622313039646e-08
3.980361331395303585e-08
2.985194284296455828e-08
1.990103952439042126e-08
1.990078382667322093e-08
7.628535785272855146e-08
1.326588246386904705e-07
1.326474636540239124e-07
2.652722092310794406e-07
3.978061175166572584e-07
3.977039736795394150e-07
4.605555136581616649e-07
5.233322635031456887e-07
5.231555014987620823e-07
2.978993499990965454e-07
7.281641769595685117e-08
7.281299460291882907e-08
6.950004583940145643e-08
6.618769136444665997e-08
6.618486312364399275e-08
8.934574741823922697e-08
1.125012877375397426e-07
1.124931169505955604e-07
6.616761608865291406e-08
1.985003043175337475e-08
1.984977604341067393e-08
7.608983303596475899e-08
1.323188396626949737e-07
1.323075368466913352e-07
1.951369480438456073e-07
2.579346993397656475e-07
2.578917528628778014e-07
1.983452466830618337e-07
1.388292280763113540e-07
1.388167857055854653e-07
2.015967876068627870e-07
2.643441071024631592e-07
2.642989999592414924e-07
2.609507343581096811e-07
2.576047096065316659e-07
2.575618729618466214e-07
1.320610515714518699e-07
6.603024429311099480e-09
6.602996280245674731e-09
6.933116537947335794e-08
1.320481041055109757e-07
1.320368475034120165e-07
1.089211140770653104e-07
8.581188089896105897e-08
8.580712699131987713e-08
7.590209973229397219e-08
6.599901347854168115e-08
6.599620134259304229e-08
8.909107575258989289e-08
1.121806366135276096e-07
1.121725123454863009e-07
1.847413470072390756e-07
2.572755633271052083e-07
2.572328360938611488e-07
1.648654634956703131e-07
7.253740671428607612e-08
7.253400980868568695e-08
6.923376716575966091e-08
6.593411426420122620e-08
6.593130765718607486e-08
9.889275193372562547e-08
1.318457785397909530e-07
1.318345564123845480e-07
8.238958512224606007e-08
3.295513285996811512e-08
3.295443170088164759e-08
6.590746114327424713e-08
9.885488208880824424e-08
9.884857326823160437e-08
1.779160774554271739e-07
2.569472572720484906e-07
2.569046390316300869e-07
1.975861807150595208e-07
1.382979769839488394e-07
1.382856296729429298e-07
1.481499477502854854e-07
1.580104897985709602e-07
1.579943719530378245e-07
1.316485478300265251e-07
1.053116774563147440e-07
1.053045176225750368e-07
2.500812270612050960e-07
3.947644563980237335e-07
3.946638687340415749e-07
3.288027769405066768e-07
2.629975576773867977e-07
2.629529089707822599e-07
2.596219219820338773e-07
2.562931529995160562e-07
2.562507514974210573e-07
1.543819629386736073e-07
5.255377864487905556e-08
5.255199555928153631e-08
6.897215403054048090e-08
8.538938774491479951e-08
8.538468054260574301e-08
5.582536752346053785e-08
2.627031561642706350e-08
2.626987006052516068e-08
5.910620516946970251e-08
9.193752836130729773e-08
9.193207155128829516e-08
1.181913626431128545e-07
1.444426385735762504e-07
1.444291697629387288e-07
2.691383564566038622e-07
3.937608817059497298e-07
3.936608048707380617e-07
8.527150209591628139e-07
1.310759086346748010e-06
1.309650787496749910e-06
7.196993989372767961e-07
1.308433821960043356e-07
1.308323300894530543e-07
2.583720277042555362e-07
3.858266429336418043e-07
3.857305582006724412e-07
2.614471331007478238e-07
1.372475822916019231e-07
1.372354218610154921e-07
9.801661684682885880e-08
5.880773723811521391e-08
5.880550453776154257e-08
1.306739377933710865e-07
2.025181208631584685e-07
2.024916450724357896e-07
1.338882616838681780e-07
6.530859333447364249e-08
6.530583973836619137e-08
1.959092591235006039e-07
3.264466151889296578e-07
3.263778275134092154e-07
8.157726720691177395e-07
1.304137294467559336e-06
1.303040163121692756e-06
7.160696821346498004e-07
1.301835449243596800e-07
1.301726040276119538e-07
2.570692883159626881e-07
3.838817461130027724e-07
3.837866277351231306e-07
2.601298688089154968e-07
1.365561408107193746e-07
1.365441026200402482e-07
1.137767221267347084e-07
9.101602912385058850e-08
9.101068117504658583e-08
1.300076197926641816e-07
1.689914660285583285e-07
1.689730303507870385e-07
2.794249132277446911e-07
3.897971064321425450e-07
3.896990344899584712e-07
8.441355257743185634e-07
1.297582086136462195e-06
1.296495954363715454e-06
1.295411639763104999e-06
1.294329137778088452e-06
1.293248443867989634e-06
9.012882635710432936e-07
5.102388356501523718e-07
5.100708084299562337e-07
3.227233492817521090e-07
1.355319463646824534e-07
1.355200881068858569e-07
1.580929372451131449e-07
1.806565692113999941e-07
1.806355007732578232e-07
1.290103123212297894e-07
7.740231922686851013e-08
7.739845144769302811e-08
2.321837521655033128e-07
3.868762644477886603e-07
3.867796569030596729e-07
8.378133781451689343e-07
1.287871937562012438e-06
1.286801997584085174e-06
1.285733834314917689e-06
1.284667443332682054e-06
1.283602820230851992e-06
1.282539960617178602e-06
1.281478860113629581e-06
1.280419514357292590e-06
1.279361918999351400e-06
1.278306069705029142e-06
1.277251962154488277e-06
8.901492154490994872e-07
5.039348315174924380e-07
5.037709308877642761e-07
3.187386942171804997e-07
1.338586823625156677e-07
1.338471151537199770e-07
1.115296249535919215e-07
8.921856061013739812e-08
8.921342184961102246e-08
7.965025328677861462e-08
7.008905118613247213e-08
7.008587976695473782e-08
8.282501929568568073e-08
9.556143385399868176e-08
9.555553847911843319e-08
2.388741095794012380e-07
3.821042900595424570e-07
3.820100513102989700e-07
6.683527533285687985e-07
9.542014538085462959e-07
9.536139844387155005e-07
6.353514921102217445e-07
3.176106055105596646e-07
3.175454916814974935e-07
7.937010113788415023e-07
1.268881290775855218e-06
1.267842666841721560e-06
1.266805742223428616e-06
1.265770512753968156e-06
1.264736974280577139e-06
1.263705122663729318e-06
1.262674953777085056e-06
1.261646463508380287e-06
9.454647358187675316e-07
6.300534332752706395e-07
6.297972512205804774e-07
6.295412774607100985e-07
6.292855117420590033e-07
6.290299538108098514e-07
9.431619051209133293e-07
1.256529048426397527e-06
1.255510544246609419e-06
1.254493690268610027e-06
1.253478482485121416e-06
1.252464916902454179e-06
1.251452989539515984e-06
1.250442696427759055e-06
1.249434033612067652e-06
1.248426997149766412e-06
1.247421583110572059e-06
1.246417787577477079e-06
1.245415606645761653e-06
1.244415036422946858e-06
1.243416073029674948e-06
1.242418712598727214e-06
1.241422951274974019e-06
1.240428785216257607e-06
1.239436210592409128e-06
1.238445223585203322e-06
1.237455820389236463e-06
1.236467997210948679e-06
1.235481750268576934e-06
1.234497075793033194e-06
7.709462312668058404e-07
3.083171095643097531e-07
3.082557510597807012e-07
6.163888339570086125e-07
9.240316833882756813e-07
9.234807736991693236e-07
7.691087672433721635e-07
6.150426997320159617e-07
6.147985796626937557e-07
6.145546533557866056e-07
6.143109205810239461e-07
6.140673811078859722e-07
9.207360520598900438e-07
1.226675840404257347e-06
1.225705150472244814e-06
6.736047977811737339e-07
1.224639164823094179e-07
1.224542348994815394e-07
6.122227742386606018e-07
1.101217528975751452e-06
1.100435177820429443e-06
1.160745823224554631e-06
1.220874659568443929e-06
1.219913127820103901e-06
1.218953109829536365e-06
1.217994602024849334e-06
1.217037600845988741e-06
9.120615770577813903e-07
6.078024581201267940e-07
6.075640520899855544e-07
6.073258330611027313e-07
6.070878008138662923e-07
6.068499551284019428e-07
9.099184436783264846e-07
1.212275070505298362e-06
1.211327034936405692e-06
1.210380481381496560e-06
1.209435406368155585e-06
1.208491806435409323e-06
1.207549678132775889e-06
1.206609018020227267e-06
1.205669822669049685e-06
1.204732088660895782e-06
1.203795812587747978e-06
1.202860991052776936e-06
1.201927620669396916e-06
1.200995698061229133e-06
1.200065219862959172e-06
1.049244159879495104e-06
8.988302614058737861e-07
8.983089912504610195e-07
5.985255503468677253e-07
2.992049681372705841e-07
2.991471834354093727e-07
7.477235526372509924e-07
1.195434377949461995e-06
1.194512496112986964e-06
1.193592035416727405e-06
1.192672992577043630e-06
1.191755364320996943e-06
1.190839147385419172e-06
1.189924338516872650e-06
1.189010934472507196e-06
8.910741990142939287e-07
5.938217276906517898e-07
5.935941639666223763e-07
5.933667746366917663e-07
5.931395595007796604e-07
5.929125183585205207e-07
8.890284765153256779e-07
1.184464873796199960e-06
1.183559831144851171e-06
1.182656170892175099e-06
1.181753889873285651e-06
1.180852984933539695e-06
1.179953452927613577e-06
1.179055290719468182e-06
1.178158495183194277e-06
1.177263063202095168e-06
1.176368991668648799e-06
1.175476277485356055e-06
8.809386881728161661e-07
5.870698722442812721e-07
5.868474544124058562e-07
5.866252050944750667e-07
5.864031240993613189e-07
5.861812112356402489e-07
8.789391994688038979e-07
1.171032959052798646e-06
1.170148324439966265e-06
1.169265025753888168e-06
1.168383059970674098e-06
1.167502424076135289e-06
1.166623115064873483e-06
1.165745129940248955e-06
1.164868465715218651e-06
7.274956996321193919e-07
2.909436221030674916e-07
2.908889848878586646e-07
5.816687363913241004e-07
8.720119234234098785e-07
8.715212951329802525e-07
7.258593489856764978e-07
5.804698715931973605e-07
5.802524270763650897e-07
5.800351454547329883e-07
5.798180265456307778e-07
5.796010701660827186e-07
8.690764142006110309e-07
1.157902348765064940e-06
1.157037439676307174e-06
6.358956021562272373e-07
1.156087531266590109e-07
1.156001253314473205e-07
5.779574941215069660e-07
1.039625263569076354e-06
1.038927974606276917e-06
1.095911155126419117e-06
1.152732209273213699e-06
1.151875006088383763e-06
1.151019077204656216e-06
1.150164419782602764e-06
1.149311030991798650e-06
1.148458908009927131e-06
1.147608048022751521e-06
1.146758448224941684e-06
1.145910105819185077e-06
1.145063018016156677e-06
1.144217182035345685e-06
1.143372595104166567e-06
1.142529254457930676e-06
1.141687157340672745e-06
1.140846301004261929e-06
1.140006682708374696e-06
1.139168299721320049e-06
1.138331149319153321e-06
1.137495228785648856e-06
1.136660535413123112e-06
8.518702998761164490e-07
5.677053951884744299e-07
5.674974096793185087e-07
5.672895765555727648e-07
5.670818956501253271e-07
5.668743667955426633e-07
8.500004847374732292e-07
1.132505381739335561e-06
1.131677994907627046e-06
1.130851816501936016e-06
1.130026843876756866e-06
1.129203074394864797e-06
1.128380505426438501e-06
1.127559134349033268e-06
1.126738958548400280e-06
1.125919975417610141e-06
1.125102182357029586e-06
1.124285576775134630e-06
8.426026170656840748e-07
5.615314446368371388e-07
5.613279588587856505e-07
5.611246205491068576e-07
5.609214295478471642e-07
5.607183856947244315e-07
8.407732332450469019e-07
1.120220270856296664e-06
1.119410736137309136e-06
1.118602370963433583e-06
1.117795172801994273e-06
1.116989139128180383e-06
1.116184267424181183e-06
1.115380555179159989e-06
1.114577999890065834e-06
1.113776599060769065e-06
1.112976350202037844e-06
1.112177250832347064e-06
8.335344738577155678e-07
5.554903758291290433e-07
5.552912453341387294e-07
5.550922575997728706e-07
5.548934124728578403e-07
5.546947097998849045e-07
8.317442241418560273e-07
1.108198909952208178e-06
1.107406655795475405e-06
1.106615533953200945e-06
1.105825541999587467e-06
1.105036677516312497e-06
1.104248938091674605e-06
1.103462321320570747e-06
1.102676824805297773e-06
1.101892446154609673e-06
1.101109182984153170e-06
1.100327032916349981e-06
8.246594951852123782e-07
5.495779448489359473e-07
5.493830313061107688e-07
5.491882560144343244e-07
5.489936188271573089e-07
5.487991195971895924e-07
8.229071372669782656e-07
1.096432896373227176e-06
1.095657375368660303e-06
1.094882951011518780e-06
1.094109620977303219e-06
1.093337382948624439e-06
1.092566234614359183e-06
1.091796173669629795e-06
1.091027197816597670e-06
1.090259304763622582e-06
1.089492492225240444e-06
1.088726757922958252e-06
8.159715746882643628e-07
5.437900865965473270e-07
5.435992574717211470e-07
5.434085622765100857e-07
5.432180008702565930e-07
5.430275731119576353e-07
8.142559182917090970e-07
1.084914180641855906e-06
1.084154868258564120e-06
8.125474637534932612e-07
5.415089455523566113e-07
5.413197143259866127e-07
5.411306153510516235e-07
5.409416484892417514e-07
5.407528136019004558e-07
5.405641105508344171e-07
5.403755391983134313e-07
5.401870994062592693e-07
5.399987910370569236e-07
5.398106139535520664e-07
5.396225680182424513e-07
5.394346530940877824e-07
5.392468690445068556e-07
5.390592157325706542e-07
5.388716930218097824e-07
5.386843007762141482e-07
5.384970388594240466e-07
5.383099071355390765e-07
5.381229054691163401e-07
5.379360337243631154e-07
5.377492917659447131e-07
5.375626794589823596e-07
5.373761966682476683e-07
8.057847648885420909e-07
1.073635048094225064e-06
1.072891441497577759e-06
1.072148864585231458e-06
1.071407315219903925e-06
1.070666791270760114e-06
1.069927290612585254e-06
1.069188811125765581e-06
1.068451350697072053e-06
1.067714907218834280e-06
1.066979478588925281e-06
1.066245062711539482e-06
7.991337431222346977e-07
5.325726666176975524e-07
5.323896304293450654e-07
5.322067200532027606e-07
5.320239353598776731e-07
5.318412762196230961e-07
7.974881137547932433e-07
1.062588101651257304e-06
1.061859718592596257e-06
1.061132333774358333e-06
1.060405945145802863e-06
1.059680550662329744e-06
1.058956148284667343e-06
1.058232735978853444e-06
1.057510311717009010e-06
1.056788873476526300e-06
1.056068419240049814e-06
1.055348946996251749e-06
7.909728410542197209e-07
5.271357877399347477e-07
5.269564702337601904e-07
5.267772747262823861e-07
5.265982010933178343e-07
5.264192492103268574e-07
7.893606284298890438e-07
1.051766245642875228e-06
1.051052623416709893e-06
7.877549769407973184e-07
5.249920022909611652e-07
5.248141405938293703e-07
2.675645637007384760e-07
1.049265691634172050e-08
1.049258584540116487e-08
2.623128693860298616e-08
4.196892202066614651e-08
4.196778500118303035e-08
2.360623952434465500e-08
5.245813241023883813e-09
5.245795476719375166e-09
2.885177741876900377e-08
5.245600077277989836e-08
5.245422454089853073e-08
2.334133955105740473e-07
4.142635288771034024e-07
4.141527744357236381e-07
3.590111699567543018e-07
3.039206218411696401e-07
3.038610063941170376e-07
5.237955419627581784e-07
7.434327130737792449e-07
7.430760991344684305e-07
5.021204466092955504e-07
2.614769228094851821e-07
2.614327945814585810e-07
5.227773625013933573e-07
7.837692917022626341e-07
7.833729410672600084e-07
6.524808260318859286e-07
5.218088313704958969e-07
5.216331203728984017e-07
5.214575277130624986e-07
5.212820532717553829e-07
5.211066969293843669e-07
6.511643232085599203e-07
7.810032329624785518e-07
7.806096752536130321e-07
5.201443427489532275e-07
2.600285161460782928e-07
2.599848755762443804e-07
3.899118744863259227e-07
5.197080834882561223e-07
5.195337846935511158e-07
5.193596028132479251e-07
5.191855377300249697e-07
5.190115893261996212e-07
7.782566362268459666e-07
1.036980886039426098e-06
1.036287186800965611e-06
6.472465096179947795e-07
2.588553418226784905e-07
2.588120942590704253e-07
5.175377222981810705e-07
7.759177454079348276e-07
7.755292968373454288e-07
6.459510309589298787e-07
5.165884976343915160e-07
5.164162854384252444e-07
2.839343034353697672e-07
5.162269846376914831e-08
5.162097823580311568e-08
1.290481453063031827e-07
2.064495152640264033e-07
2.064220053740882750e-07
3.611903799303410385e-07
5.158144462224802898e-07
5.156427498223053521e-07
3.866033757964280174e-07
2.576927097555536073e-07
2.576498499137610009e-07
2.576070043317883374e-07
2.575641730025211224e-07
2.575213559188494671e-07
2.574785530736684592e-07
2.574357644598777392e-07
2.573929900703817650e-07
2.573502298980896003e-07
2.573074839360864916e-07
2.572647521769481422e-07
1.826276445756717200e-07
1.080257209368448506e-07
1.080181883869506058e-07
8.229383381931694259e-08
5.657494450450506968e-08
5.657287840936228233e-08
5.142801133210167616e-08
4.628382730345396108e-08
4.628244449054245514e-08
4.628106176011530878e-08
4.627967911250770881e-08
4.627829654754094452e-08
4.113503472459091516e-08
3.599231911210244291e-08
3.599148287893282605e-08
6.426901193663843673e-08
9.254184852641978028e-08
9.253632052460559260e-08
1.105228918577366956e-07
1.285043297448693383e-07
1.284936707265469373e-07
1.002167505120303675e-07
7.194714586617462019e-08
7.194380449577432908e-08
1.181879042161696722e-07
1.644178923269262252e-07
1.644004433632204154e-07
9.246543643341448489e-08
2.054760221333921913e-08
2.054732967094924103e-08
1.386926356667228825e-07
2.567956382062230642e-07
2.567530763328745323e-07
3.850657928561386325e-07
5.132509507060460852e-07
5.130809569935445136e-07
5.129110758920181659e-07
5.127413072897911476e-07
5.125716510748233404e-07
5.124021071355641051e-07
5.122326753609516462e-07
5.120633556395594148e-07
2.866607228017900315e-07
6.142486205334863456e-08
6.142242655661686439e-08
2.559166302208964343e-07
4.502823472513267156e-07
4.501515014299416780e-07
3.272878048423446622e-07
2.045278708979632335e-07
2.045008709025574567e-07
1.277961737734024979e-07
5.111678273373572313e-08
5.111509606946612056e-08
6.900310284727947219e-08
8.688792247459298238e-08
8.688304931788789524e-08
6.643625277657108321e-08
4.599296328291641436e-08
4.599159780161531830e-08
2.555012911191947438e-08
5.110008966181663961e-09
5.109992110056640925e-09
1.021995050808572586e-08
1.532977405983678277e-08
1.532962236071868597e-08
1.788438244223656603e-08
2.043902454377619609e-08
2.043875487514237708e-08
4.343178107914883092e-08
6.642222880433870552e-08
6.641938090866879130e-08
4.087171277386035620e-08
1.532674064802291235e-08
1.532658900895626851e-08
5.875134326306179947e-08
1.021695102837413238e-07
1.021627723035919540e-07
6.640142288818687249e-08
3.064620427755997885e-08
3.064559801535118788e-08
4.085998903624028122e-08
5.107330238900019911e-08
5.107161859389932776e-08
6.128392189172891647e-08
7.149460911423551241e-08
7.149130965938040516e-08
1.123383022286334692e-07
1.531734469870313943e-07
1.531583030218244802e-07
1.276193017098052250e-07
1.020887131569786438e-07
1.020819858331762416e-07
3.062257781887847386e-07
5.102082025443438209e-07
5.100402188369334324e-07
3.212195778224215724e-07
1.325554663818513012e-07
1.325441248105850124e-07
1.172405407368114579e-07
1.019415874685379800e-07
1.019348795275175384e-07
6.115690348163131330e-08
2.038536623274894187e-08
2.038509797868356392e-08
1.375976006889721165e-07
2.547684654997284100e-07
2.547265731394734126e-07
2.241225312117690834e-07
1.935361857975485441e-07
1.935120097741853333e-07
2.545892628847159360e-07
3.156263654321542218e-07
3.155620711016165804e-07
2.849657575207954589e-07
2.543919297603326662e-07
2.543501611741238743e-07
1.449557915947799188e-07
3.560235864082018724e-08
3.560154043625499124e-08
6.357271833784871840e-08
9.153930493068353978e-08
9.153389609414489061e-08
9.152848789682709310e-08
9.152308033912486459e-08
9.151767342041677407e-08
6.355018551426070744e-08
3.558728633883926965e-08
3.558646882715288094e-08
3.812748359238499168e-08
4.066824816318518233e-08
4.066718055054767954e-08
4.066611299398297699e-08
4.066504549365594834e-08
4.066397804922356508e-08
3.049718299559573356e-08
2.033118849375798996e-08
2.033092166418187682e-08
2.287198669683477220e-08
2.541290165410747442e-08
2.541248476984054342e-08
7.369499690782543943e-08
1.219683221322259466e-07
1.219587198607858773e-07
9.146183932641482709e-08
6.097215964468987144e-08
6.096975992741599869e-08
5.334644034916952782e-08
4.572417065755392120e-08
4.572282109556785320e-08
6.604212566359998868e-08
8.635796530521454853e-08
8.635315143327594512e-08
7.618971008657772853e-08
6.602826763348558143e-08
6.602545343200376966e-08
4.316864888471400325e-08
2.031439190289509903e-08
2.031412551418007708e-08
4.570618304823299537e-08
7.109524398014959830e-08
7.109198129622524524e-08
4.823877354733910801e-08
2.538841208828883919e-08
2.538799600740222835e-08
2.538757994015845954e-08
2.538716388655687104e-08
2.538674784659677793e-08
3.046359818436683731e-08
3.554004916895186346e-08
3.553923382687357266e-08
4.061533545381933636e-08
4.569090470777350231e-08
4.568955710948393370e-08
3.807350799220469888e-08
3.045820752608293582e-08
3.045760868185834082e-08
3.807126232636074377e-08
4.568416751161344319e-08
4.568282031084804373e-08
2.537859621635063644e-08
5.075702612553071043e-09
5.075685982080281233e-09
1.776484273159947242e-08
3.045341743178459916e-08
3.045281877597145862e-08
1.522611007193626372e-08
0.000000000000000000e+00
0.000000000000000000e+00
1.015074004795750915e-08
2.030121404568019534e-08
2.030094800259007876e-08
2.537585245813644149e-08
3.045042438815677307e-08
3.044982585005562915e-08
7.612306833864732715e-08
1.217873340502138580e-07
1.217777602646287594e-07
8.371562923954923978e-08
4.566172453791029831e-08
4.566037866095611541e-08
4.058580698962338809e-08
3.551176703425439864e-08
3.551095298979831638e-08
3.297370048373277871e-08
3.043666396454659750e-08
3.043606596747383215e-08
4.058062399176391200e-08
5.072411903915907398e-08
5.072245819733728541e-08
7.100911645000486945e-08
9.129205515431314606e-08
9.128667550709528024e-08
7.099656393974266216e-08
5.071017134858359844e-08
5.070851142033133257e-08
3.549479612061857929e-08
2.028247508132836981e-08
2.028220952933201131e-08
1.267621499028788336e-08
5.070469399821850920e-09
5.070452803637231093e-09
1.774652672629564786e-08
3.042201980015878135e-08
3.042142237859246703e-08
3.295589372871866031e-08
3.549014938670191374e-08
3.548933633339590251e-08
2.788383974914601322e-08
2.027889071620894064e-08
2.027862525809669823e-08
5.069589951742656356e-08
8.110919228743281897e-08
8.110494579181551428e-08
4.561914360442544855e-08
1.013752112688361878e-08
1.013745478711704025e-08
3.548085956918865389e-08
6.082194259909540704e-08
6.081955469578714928e-08
3.547668073838630540e-08
1.013612817416284986e-08
1.013606185263270043e-08
1.520399329820934046e-08
2.027172578667172126e-08
2.027146051617843473e-08
1.520339643959921828e-08
1.013553131164577332e-08
1.013546499792893538e-08
2.533849671295358171e-08
4.054053376996762544e-08
4.053947285465866062e-08
4.307206274441853543e-08
4.560437091816081326e-08
4.560302842128642492e-08
4.560168600347988876e-08
4.560034366490299469e-08
4.559900140521123191e-08
3.293164277308233052e-08
2.026536121110919690e-08
2.026509610722138502e-08
3.546345426793394870e-08
5.066042074571656361e-08
5.065876407406758648e-08
3.039426450651791919e-08
1.013135524229958851e-08
1.013128898323730334e-08
1.013122272504200437e-08
1.013115646754495667e-08
1.013109021108358542e-08
2.279480390006147804e-08
3.545777223749604666e-08
3.545696066752488601e-08
2.785840289152786539e-08
2.026039166756778498e-08
2.026012669373134718e-08
2.279234444287160695e-08
2.532441315997857172e-08
2.532399917492019027e-08
4.305009484590098885e-08
6.077422014468970757e-08
6.077183598846098646e-08
3.544884701141673641e-08
1.012817578480919984e-08
1.012810956734314926e-08
7.596032513183948142e-09
5.064005121468398146e-09
5.063988567589098605e-09
1.519191604145420041e-08
2.531944623276575224e-08
2.531903241014242579e-08
1.519117116073181907e-08
5.063707168036383746e-09
5.063690616105733131e-09
1.265918516112996464e-08
2.025443143281067399e-08
2.025416661490960372e-08
2.784911498047496117e-08
3.544351720257569606e-08
3.544270628525907154e-08
2.278407561747945298e-08
1.012618963771183749e-08
1.012612344622353797e-08
7.594542941700677119e-09
5.063012080138468003e-09
5.062995532753323746e-09
5.062978985645013678e-09
5.062962438476274759e-09
5.062945891415735199e-09
7.594394016695095395e-09
1.012579250159800790e-08
1.012572631530342987e-08
7.594245097532275802e-09
5.062813518826552670e-09
5.062796972739778399e-09
1.771973149349556249e-08
3.037608691880124927e-08
3.037549130057155380e-08
2.531241308806198342e-08
2.024966577024136221e-08
2.024940107698951157e-08
2.531142048836719775e-08
3.037310906130133121e-08
3.037251355988902662e-08
2.784092490833569938e-08
2.530951822327878308e-08
2.530910472523894855e-08
2.530869124071514266e-08
2.530827776970669374e-08
2.530786431221294666e-08
2.530745086823323306e-08
2.530703743776690112e-08
2.530662402081327917e-08
2.530621061737170215e-08
2.530579722744151826e-08
2.530538385102205250e-08
1.518298229280017066e-08
5.060977563464099146e-09
5.060961029380026583e-09
2.024377798144755104e-08
3.542580132401738784e-08
3.542499121744130678e-08
2.277268788075120566e-08
1.012112848739502283e-08
1.012106236208086957e-08
7.590747178299154620e-08
1.416809882066753966e-07
1.416680314561172117e-07
7.588664843353166229e-08
1.011815370390680318e-08
1.011808761747227450e-08
1.770653768065885386e-08
2.529464080421192477e-08
2.529422779233185494e-08
2.023505183512148547e-08
1.517614020076494162e-08
1.517599152814498443e-08
2.023445714481001113e-08
2.529265847023079437e-08
2.529224552310724369e-08
1.770428281274883688e-08
1.011666696781718857e-08
1.011660090080961861e-08
1.770393596095904082e-08
2.529092418295487834e-08
2.529051129248079854e-08
4.046415746488981578e-08
5.563621829375899289e-08
5.563422021714732949e-08
5.310348490769479785e-08
5.057309646019576281e-08
5.057144549694050847e-08
5.056979464134552399e-08
5.056814389373715531e-08
5.056649325393634759e-08
3.539538990525177353e-08
2.022567301569108376e-08
2.022540894954086640e-08
1.516885866767422966e-08
1.011250643170861629e-08
1.011244041905097826e-08
5.561805923956841073e-08
1.011171433664822454e-07
1.011105435230541156e-07
7.330035979251853530e-08
4.549543887633279503e-08
4.549410278756602943e-08
4.802014270939280131e-08
5.054586934838743984e-08
5.054422016295619845e-08
4.801544253090377929e-08
4.548697830662962130e-08
4.548564271492854348e-08
2.526905955641751976e-08
5.053795423869128143e-09
5.053778936697029897e-09
1.010752489960173339e-08
1.516113896759091194e-08
1.516099058885299634e-08
4.295571960386652104e-08
7.074736587772721636e-08
7.074413505630061381e-08
7.832028715833003029e-08
8.589490689042552434e-08
8.589014452259491313e-08
5.557289467724135819e-08
2.525999477718484748e-08
2.525958289634912282e-08
5.557017626372412220e-08
8.587642065306185544e-08
8.587166033563275587e-08
4.545894734787819492e-08
5.050977680908704090e-09
5.050961212123213723e-09
4.040755794722480322e-08
7.576046589197988117e-08
7.575676099531860897e-08
5.555224140469830078e-08
3.535061964125738787e-08
3.534981297074809321e-08
2.272436121662580243e-08
1.009965025046981837e-08
1.009958440561383260e-08
5.049759280858816219e-08
9.089033403961142549e-08
9.088500164965832237e-08
9.592854043464947485e-08
1.009708293745775831e-07
1.009642486235118477e-07
6.057460123837442737e-08
2.019127057093939362e-08
2.019100740267294579e-08
1.009537212071862762e-08
0.000000000000000000e+00
0.000000000000000000e+00
2.019074424126913575e-08
4.038043587826490950e-08
4.037938332871814772e-08
6.561478760511932225e-08
9.084591657365702541e-08
9.084058939604670939e-08
1.084976750630854212e-07
1.261498137364913472e-07
1.261395418640833160e-07
6.810980669919907279e-08
1.009027600960398546e-08
1.009021028696804628e-08
6.306340353314280595e-08
1.160279715034689714e-07
1.160192818082926530e-07
1.765378595445754088e-07
2.370288529233604794e-07
2.369925912750172864e-07
2.520812135361897732e-07
2.671600045687274935e-07
2.671139386867623019e-07
2.595093635425680573e-07
2.519098677956128372e-07
2.518689105280532646e-07
2.064989325969568919e-07
1.611531324441091842e-07
1.611363697651775192e-07
8.811228703293086483e-08
1.510481621046537288e-08
1.510466893252580769e-08
4.531356497271341093e-08
7.551892662643799855e-08
7.551524532431822195e-08
2.894609967947610741e-07
5.032468928779408206e-07
5.030834628053652136e-07
5.029201388868928128e-07
5.027569210193112772e-07
5.025938090990395945e-07
2.562397095417461531e-07
1.004855087950665521e-08
1.004848569950030948e-08
5.024210260220132989e-08
9.043050551463072444e-08
9.042522696173831107e-08
5.525663551541955091e-08
2.009306138532437966e-08
2.009280077185051041e-08
2.511567520646634587e-08
3.013822390171355280e-08
3.013763757845684052e-08
1.757994657877622510e-08
5.022825593777431641e-09
5.022809308129656101e-09
4.018234418187126084e-08
7.533823128399491407e-08
7.533456758367168672e-08
4.770957268535641782e-08
2.008798064217805661e-08
2.008772016053466812e-08
6.779517643929576680e-08
1.154942819957087779e-07
1.154856720832012081e-07
1.029252087315266677e-07
9.036808212762668795e-08
9.036281086226139417e-08
6.776815515891354019e-08
4.517745255871486323e-08
4.517613508836167008e-08
1.706604224029578885e-07
2.960894241959828584e-07
2.960328429221165125e-07
1.755791510965650170e-07
5.518005334133473855e-08
5.517808790681530590e-08
1.028282285051116795e-07
1.504657184463544687e-07
1.504511053349069396e-07
1.880456188280789233e-07
2.256218774639638693e-07
2.255890219095812674e-07
1.253089866258131699e-07
2.506139188482457036e-08
2.506098645760944128e-08
1.378331957394248296e-07
2.505652762417454425e-07
2.505247551636175821e-07
3.757263707916287912e-07
5.008065411149206078e-07
5.006446925597511768e-07
5.004829486218094200e-07
5.003213092000390130e-07
5.001597741930143249e-07
4.999983434996073508e-07
4.998370170189868653e-07
4.996757946499526541e-07
2.697379251975214880e-07
3.996014330500451169e-08
3.995911255993213230e-08
4.994760233515022843e-08
5.993480389511450822e-08
5.993248516747683267e-08
3.495926386129360391e-08
9.988296701900164679e-09
9.988232301523184711e-09
3.495858765733524641e-08
5.992668913353494398e-08
5.992437103396442994e-08
4.743829204835157690e-08
3.495374229467365708e-08
3.495295364187633662e-08
3.994533145663494668e-08
4.493719432350161870e-08
4.493589083390134006e-08
1.472855920988124699e-07
2.495963756032401800e-07
2.495561673925009180e-07
2.495159721391928978e-07
2.494757898370543753e-07
2.494356204798277887e-07
2.493954640612597585e-07
2.493553205752665765e-07
2.493151900152705023e-07
2.492750723750303326e-07
2.492349676486405007e-07
2.491948758297014609e-07
2.491547969119838682e-07
2.491147308892621364e-07
2.490746777553148614e-07
3.735519562558870202e-07
4.979091912480968170e-07
4.977492103996155463e-07
4.975893323632138254e-07
4.974295570401590587e-07
4.972698843313483914e-07
4.126015607346157633e-07
3.280233355874708934e-07
3.279538932695471212e-07
2.483973336051659592e-07
1.688917718868778711e-07
1.688733609387968854e-07
1.067759267978624851e-07
4.469561000846256069e-08
4.469432050161617954e-08
2.482946170513139520e-08
4.965876422651171348e-09
4.965860504345076988e-09
7.448766879211612371e-09
9.931625499913300483e-09
9.931561828526569296e-09
9.931498158121931453e-09
9.931434488203196045e-09
9.931370819266530819e-09
4.469088218073820456e-08
7.944638268550061911e-08
7.944230857905829493e-08
8.936801425199577705e-08
9.929142920964326829e-08
9.928506562217583845e-08
5.708525413917861023e-08
1.489166227572852086e-08
1.489151912667753512e-08
6.204739991854077276e-07
1.225087042440588565e-06
1.224118995388060772e-06
9.829788129706016705e-07
7.424491507831153858e-07
7.420934944275182462e-07
6.181151489861620865e-07
4.943343271533332720e-07
4.941766358278481983e-07
8.645333289533413278e-07
1.234063769726402050e-06
1.233081493497567473e-06
1.133532717935307355e-06
1.034273676715149709e-06
1.033583620317273155e-06
5.410399680540814878e-07
4.918389006686501601e-08
4.918232859164213943e-08
2.704942196859749928e-08
4.918061108214227129e-09
4.918045495098470352e-09
2.704916435218745745e-08
4.917873757501260308e-08
4.917717642705699930e-08
3.688171153377165161e-08
2.458741744551495257e-08
2.458702721429557603e-08
4.671461029153620023e-08
6.883952445623826312e-08
6.883646559717040501e-08
2.458335964645355725e-07
4.227184077043597842e-07
4.226030924638309326e-07
6.140811630027299215e-07
8.052556960911770121e-07
8.048373416439587456e-07
1.015334270248843091e-06
1.225279243482897431e-06
1.224310901911806955e-06
1.223344090310704451e-06
1.222378805056929532e-06
1.221415042539251670e-06
7.322716794947576961e-07
2.440521064923468288e-07
2.440136652718058645e-07
3.659628542462725059e-07
4.877968285295861167e-07
4.876432814968717318e-07
3.704922716655549308e-07
2.534532390667332590e-07
2.534117795149374662e-07
1.413026860071668026e-07
2.923448678932526919e-08
2.923393511520009201e-08
3.410561403875262142e-08
3.897686394215295875e-08
3.897588331774579876e-08
9.012946259222166120e-08
1.412711385727414104e-07
1.412582570541089536e-07
8.279901462253890532e-08
2.435226854767552390e-08
2.435188574783979906e-08
2.556907810805370666e-07
4.868769946301419331e-07
4.867240262789503426e-07
6.082139425707573993e-07
7.295130386500306940e-07
7.291696698863938546e-07
9.717688324494017714e-07
1.213759331285262372e-06
1.212809112750520187e-06
1.211860381458133181e-06
1.210913133920135085e-06
1.209967366658493421e-06
1.209023076206680324e-06
1.208080259108822547e-06
1.207138911919821733e-06
1.206199031205311436e-06
1.205260613541616459e-06
1.204323655515709866e-06
1.203388153725013088e-06
1.202454104778153587e-06
1.201521505293324580e-06
1.200590351899684339e-06
1.199660641237314683e-06
1.198732369955741214e-06
1.197805534715493762e-06
1.196880132187264225e-06
1.195956159052030018e-06
1.195033612001010035e-06
1.194112487735630127e-06
1.193192782967478636e-06
7.153646966508683846e-07
2.384182012733535454e-07
2.383815149614643264e-07
5.958620998568474459e-07
9.527930107812137861e-07
9.522073828879367578e-07
1.070575284107154420e-06
1.188615437197442457e-06
1.187704180920387691e-06
7.120765928417346833e-07
2.373225033657721042e-07
2.372861535940872541e-07
5.931245374010068380e-07
9.484182868224450049e-07
9.478380250098033790e-07
1.065665782236060021e-06
1.183168786908258622e-06
1.182265863258079755e-06
1.181364317263103761e-06
1.180464145773676742e-06
1.179565345648796608e-06
1.178667913757494370e-06
1.177771846978795821e-06
1.176877142200271619e-06
1.175983796319573175e-06
1.175091806243609755e-06
1.174201168888671308e-06
1.290643069298415038e-06
1.406695815778888911e-06
1.405419694700379988e-06
1.170121573224311305e-06
9.355319772679529817e-07
9.349673785571507227e-07
1.635206057120396502e-06
2.332491601851687427e-06
2.328985129828867701e-06
1.744116891980111910e-06
1.161872576772573975e-06
1.161001866458889389e-06
1.160132460773898987e-06
1.159264356788510321e-06
1.158397551581469173e-06
1.736298063361228918e-06
2.311609799108458436e-06
2.308165811211025500e-06
1.843785659854767203e-06
1.381606040810351686e-06
1.380375035286596263e-06
1.149288518705363101e-06
9.188854861022577102e-07
9.183408040372343586e-07
9.177967676193590123e-07
9.172533757019524543e-07
9.167106271401345659e-07
1.145210650990240117e-06
1.373034844396582522e-06
1.371819065484607197e-06
1.827473918298124803e-06
2.280979157528962699e-06
2.277625810591423221e-06
1.705711735107576294e-06
1.136307122526691470e-06
1.135474311428818328e-06
1.134642720756502352e-06
1.133812347829906421e-06
1.132983189976128708e-06
1.018939720077483590e-06
9.051950074581700994e-07
9.046664375990187418e-07
1.130173106205307504e-06
1.355021566418044677e-06
1.353837479423728198e-06
1.803540614705752423e-06
2.251150020934755601e-06
2.247883783691456970e-06
2.244627015303510038e-06
2.241379674661263381e-06
2.238141720893139434e-06
2.234913113363324204e-06
2.231693811670067278e-06
2.228483775644589998e-06
1.668962224011579157e-06
1.111843003715597068e-06
1.111045670536501883e-06
6.661496884038639320e-07
2.220180759363390230e-07
2.219862648610461460e-07
5.548861572619279423e-07
8.873093847660897489e-07
8.868015002773369718e-07
1.551014845018001583e-06
2.212571190681668923e-06
2.209415917924247206e-06
2.206269636023313654e-06
2.203132306610772809e-06
2.200003891536965035e-06
2.196884352868538770e-06
2.193773652886916125e-06
2.190671754087356915e-06
1.750062895341434490e-06
1.311436157677012290e-06
1.310327024051486222e-06
1.091016471551165763e-06
8.723217555306382213e-07
8.718308871606620136e-07
9.802581425966029458e-07
1.088410564556101718e-06
1.087646489945746535e-06
1.086883487902361191e-06
1.086121556169927853e-06
1.085360692497884214e-06
1.626901341963755077e-06
2.166168974876203926e-06
2.163144633462412336e-06
2.160128729591869145e-06
2.157121228010077141e-06
2.154122093659097344e-06
1.290678775005255380e-06
4.301068256217725306e-07
4.299874592345314537e-07
4.298681591180890613e-07
4.297489252175667767e-07
4.296297574777182526e-07
6.442659837652520995e-07
8.585453013443407267e-07
8.580698185286256208e-07
6.431961467726751389e-07
4.286787907510669756e-07
4.285602159876923037e-07
1.285325120511634650e-06
2.139250716884792774e-06
2.136301060508186541e-06
1.600019648500023504e-06
1.065945901979532187e-06
1.065213047911524748e-06
1.064481201381018954e-06
1.063750360312044835e-06
1.063020522634331896e-06
2.443270878451521920e-06
3.814834084697229942e-06
3.805464377220892302e-06
2.108967004393290741e-06
4.216786060623629334e-07
4.215638737476052997e-07
4.214492038833357464e-07
4.213345964188686161e-07
4.212200513031528095e-07
1.052763921213472626e-06
1.682593036711488547e-06
1.680767770330486467e-06
1.888814769620901116e-06
2.095844215741756806e-06
2.093013028125610696e-06
1.567642112579383783e-06
1.044390283765801341e-06
1.043686775390704798e-06
1.042984214675866779e-06
1.042282599708527434e-06
1.041581928580239373e-06
1.561323299082290849e-06
2.078971118454090518e-06
2.076185328207323441e-06
1.244044198773307513e-06
4.145704448937142649e-07
4.144595495891540563e-07
1.035871784074409763e-06
1.655623849166246188e-06
1.653856626700444318e-06
1.032558234385257665e-06
4.129132249665340544e-07
4.128032148621243772e-07
1.031733158484911548e-06
1.649016171786420235e-06
1.647263027754559730e-06
1.851202810763021237e-06
2.054165072792670896e-06
2.051445358678287850e-06
1.536549630708604112e-06
1.023689635901444044e-06
1.023013745536578199e-06
1.022338747607009845e-06
1.021664640347114050e-06
1.020991421995106329e-06
1.326414818032663375e-06
1.630792322842130545e-06
1.629077715567442350e-06
1.017104195032295082e-06
4.067348807323817541e-07
4.066281395389246147e-07
1.219564363165123297e-06
2.029944338692747528e-06
2.027288377828954014e-06
1.417247553405443523e-06
8.094326776775152763e-07
8.090100525993866056e-07
1.010734836095541152e-06
1.211933128983195285e-06
1.210985938405923760e-06
1.613386970807101740e-06
2.014112207272555548e-06
2.011497511488796565e-06
1.205333759794605298e-06
4.016737658087757201e-07
4.015696657045113599e-07
5.018320244708657455e-07
6.019644772493416307e-07
6.017307069507052229e-07
8.019961576764050859e-07
1.001847011269671624e-06
1.001199663601825790e-06
1.500829728701582930e-06
1.998525266649097411e-06
1.995950881858204513e-06
1.196029874924184536e-06
3.985740733125126003e-07
3.984715744273526721e-07
9.959228206963354620e-07
1.591839480939092100e-06
1.590205810907155919e-06
1.787147429257459055e-06
1.983177865818981743e-06
1.980642867121220900e-06
1.978114344839023090e-06
1.975592274189926718e-06
1.973076630518143965e-06
1.477925541969858519e-06
9.846575809833513992e-07
9.840322630547128833e-07
9.834077393448851279e-07
9.827840083424233890e-07
9.821610685389309706e-07
1.472308377645473062e-06
1.960593962600586840e-06
1.958116369989550394e-06
1.955645035233485857e-06
1.953179934658164554e-06
1.950721044709010532e-06
1.168961005169795430e-06
3.895557083613746399e-07
3.894577976064282066e-07
9.733998402198547300e-07
1.555875926551115977e-06
1.554315248036643630e-06
1.746852411787775170e-06
1.938518938189063719e-06
1.936096823929623737e-06
1.450260569017149999e-06
9.662374936881828369e-07
9.656353599207713568e-07
9.650339766371746879e-07
9.644333424354933747e-07
9.638334559173168908e-07
1.444851473531634479e-06
1.924076537063528999e-06
1.921690379754969038e-06
1.919310137379104650e-06
1.916935787974302746e-06
1.914567309687896794e-06
1.720984212697532931e-06
1.528255019719568714e-06
1.526749269794889419e-06
9.532790537857921239e-07
3.812178131406812961e-07
3.811240509428314088e-07
5.715455023299578149e-07
7.616860821262843158e-07
7.613118627962218334e-07
9.511725140504389332e-07
1.140566883447575780e-06
1.139727986708516752e-06
1.043982796922430460e-06
9.484943435189966974e-07
9.479141283152446607e-07
7.578676984105163280e-07
5.681923560260125184e-07
5.679840911331956116e-07
4.731466491344194623e-07
3.784248815170468515e-07
3.783324888943698593e-07
7.564802828129553548e-07
1.133890108261519694e-06
1.133061007376734959e-06
9.435275990836721426e-07
7.544545769982925032e-07
7.540874326508976508e-07
1.319011129978871107e-06
1.882013096325938923e-06
1.879730134308880538e-06
1.877452708001112151e-06
1.875180797296781253e-06
1.872914382188032600e-06
1.870653442763290007e-06
1.868397959206807630e-06
1.866147911798706816e-06
1.397927460685368738e-06
9.313914952803621360e-07
9.308320235108413989e-07
9.302732239349216911e-07
9.297150953425431790e-07
9.291576365258045868e-07
1.207181100164221167e-06
1.484338191226654229e-06
1.482917754100349527e-06
9.259375217801147493e-07
3.702865071973854615e-07
3.701980479972954034e-07
1.110328893244303650e-06
1.848340898537823432e-06
1.846138904540802036e-06
2.765913231930270760e-06
3.679128624540098411e-06
3.670414445796731293e-06
2.288588424151208015e-06
9.148949104830865857e-07
9.143550895450184954e-07
1.827631811433254990e-06
2.736606496899376658e-06
2.731782357375195039e-06
1.908882645853566632e-06
1.090022834405113809e-06
1.089256664840093441e-06
9.070763103118992382e-07
7.253214053320121400e-07
7.249820804353634458e-07
1.268125377948101580e-06
1.809492353187239278e-06
1.807381961392379908e-06
1.805276490133458672e-06
1.803175922225597122e-06
1.801080240564206637e-06
1.349242071092972003e-06
8.989729212815729327e-07
8.984517339794313850e-07
8.979311511024712275e-07
8.974111716004862729e-07
8.968917944249855752e-07
9.860103203834095916e-07
1.074901535614618574e-06
1.074156484045689522e-06
1.789020775629659326e-06
2.500587662098049744e-06
2.496559269433561760e-06
3.471757498363813499e-06
4.438224113122096237e-06
4.425549933219953276e-06
3.530358391454446784e-06
2.643252743913880317e-06
2.638752085090077064e-06
1.492751151870291270e-06
3.511559793507845614e-07
3.510764296418932217e-07
8.774922899869109587e-07
1.402716886139912674e-06
1.401448408431007727e-06
1.575205002691564612e-06
1.748253388955406746e-06
1.746283450152554034e-06
2.180397436644781735e-06
2.612066979757313222e-06
2.607671887763070614e-06
1.735527715403849639e-06
8.672782464007648621e-07
8.667931787378627174e-07
1.126201249941437407e-06
1.384855264803033397e-06
1.383618896856862887e-06
1.727980920396721481e-06
2.070806432226682719e-06
2.068043160293443351e-06
2.753716345433430459e-06
3.434517316407797690e-06
3.426922962917685906e-06
2.137101342332971447e-06
8.543692895707184203e-07
8.538985619181510620e-07
8.534283531163721565e-07
8.529586623085896665e-07
8.524894886392176236e-07
1.278031246882451984e-06
1.702170123875972805e-06
1.700302695136121352e-06
1.188907553939705698e-06
6.790780695171988998e-07
6.787806548886971056e-07
8.481043760998908828e-07
1.017057386670752021e-06
1.016390398729123233e-06
1.354299047693863908e-06
1.691026728737495452e-06
1.689183677517466231e-06
2.109180803485579417e-06
2.526890389425026812e-06
2.522777260076662731e-06
1.679118340366773925e-06
8.391046297979979977e-07
8.386505817459948327e-07
9.220167277508877520e-07
1.005184086131010166e-06
1.004532588331524805e-06
1.673136558716320060e-06
2.338856380895342960e-06
2.335332241107742449e-06
2.831494153553821252e-06
3.324025296241974578e-06
3.316911605502504856e-06
2.068642702505747790e-06
8.270155580623454201e-07
8.265745064697492355e-07
1.652267850940644376e-06
2.474444995542434217e-06
2.470500839703633736e-06
1.562160524103164592e-06
6.574727836456522479e-07
6.571940044943914159e-07
8.211443273340653797e-07
9.847471361278005036e-07
9.841218751893485766e-07
1.311329877959894695e-06
1.637430652385063509e-06
1.635702615637606512e-06
2.042472782038230493e-06
2.447097679580896029e-06
2.443240231520108402e-06
1.626263291049840403e-06
8.127052874555480628e-07
8.122793766726282062e-07
1.055410086214820095e-06
1.297878555032130843e-06
1.296792671851724247e-06
8.098178786524293643e-07
3.238594681851689383e-07
3.237918132137596981e-07
9.711725595869737142e-07
1.616932383919927096e-06
1.615247357753749588e-06
2.420348764707701329e-06
3.220426609514843540e-06
3.213749363250118936e-06
2.004437359139068751e-06
8.013604197126673250e-07
8.009463245737313495e-07
1.601065315147952808e-06
2.397882656348363609e-06
2.394178828328615060e-06
1.673340504833111646e-06
9.556050673321576881e-07
9.550162875928392752e-07
7.953568613569219409e-07
6.360244001321568597e-07
6.357635255614984040e-07
1.112130013942092743e-06
1.587130372558474310e-06
1.585506913578018975e-06
1.267109420491722937e-06
9.497497696135903496e-07
9.491681876848435645e-07
1.185734147838981501e-06
1.421576020883157331e-06
1.420273458081602144e-06
1.103645886329645018e-06
7.879177731569032172e-07
7.875174636499034018e-07
8.658293172025024716e-07
9.439658571919020982e-07
9.433913419279169437e-07
1.571362543733606418e-06
2.196789784881084602e-06
2.193680841853342198e-06
2.659990843526788291e-06
3.123095853205165672e-06
3.116816095162752724e-06
1.944100978349375784e-06
7.772504642548236590e-07
7.768609284002786152e-07
1.397649209738021992e-06
2.016200757038267210e-06
2.013581706669139514e-06
1.160174687645400884e-06
3.093181809738367261e-07
3.092564699004619928e-07
7.729869586764117836e-07
1.235793135561042510e-06
1.234808709707113010e-06
7.711411578519268092e-07
3.083950957372598896e-07
3.083337527716403053e-07
9.248173026879462887e-07
1.539831036793177313e-06
1.538302944451192047e-06
1.920972356333766132e-06
2.301743944604993365e-06
2.298331221993145439e-06
1.529952409738430845e-06
7.645988840692322702e-07
7.642219356918856031e-07
8.402298951049257200e-07
9.160727489714787490e-07
9.155317074261115621e-07
1.524985508754141977e-06
2.132043309520633418e-06
2.129114981370807414e-06
2.581807843391868536e-06
3.031481057138374592e-06
3.025564333022401894e-06
1.887294177588228878e-06
7.545502154051119061e-07
7.541831176962664545e-07
9.045796528634950053e-07
1.054624956545365903e-06
1.053907962022956139e-06
1.128419938693193317e-06
1.202714087707983493e-06
1.201781690272662600e-06
1.050744396563122388e-06
9.001151042980712287e-07
8.995927619910385346e-07
7.492258551815877091e-07
5.991490258740803754e-07
5.989175467957707358e-07
1.047700931729478360e-06
1.495271945422702776e-06
1.493831059411628055e-06
1.865491188341412279e-06
2.235361466127037152e-06
2.232142812083949076e-06
1.485955615807514071e-06
7.426218932385418419e-07
7.422663197752654106e-07
6.677199783212814225e-07
5.933017166449443095e-07
5.930747376646896574e-07
1.482119831196073313e-06
2.367769782758473835e-06
2.364158894815233557e-06
2.360559015527665934e-06
2.356970094647379432e-06
2.353392082230738618e-06
1.468640580398372552e-06
5.872337077854837732e-07
5.870113521173788026e-07
6.601378105836946165e-07
7.331395846278009537e-07
7.327930413401345031e-07
1.464893651750994333e-06
2.194230425330588735e-06
2.191129174219435560e-06
1.677494793366669648e-06
1.166075163268469157e-06
1.165198747703667630e-06
7.277022812878743650e-07
2.910262703066877089e-07
2.909716486328053051e-07
8.727511424457819422e-07
1.453221745838329170e-06
1.451860810986876557e-06
1.813128032091849809e-06
2.172704418665003561e-06
2.169663743319622840e-06
1.444421051081975545e-06
7.218742463447319159e-07
7.215382805241357775e-07
7.933228904056235518e-07
8.649603079747677254e-07
8.644780018777239922e-07
1.151994978635610704e-06
1.438657468371343869e-06
1.437323694007456181e-06
1.005194675313335256e-06
5.741842256434623399e-07
5.739716516638597471e-07
1.721277705623659405e-06
2.863497548342490769e-06
2.858218480430797700e-06
1.783099290149559010e-06
7.129117467336640756e-07
7.125840792464547367e-07
1.424513426363676219e-06
2.133829258116582490e-06
2.130896470355029528e-06
1.773309785756614142e-06
1.417350924116399095e-06
1.416056391516115360e-06
8.488585345836755493e-07
2.829012148282151395e-07
2.828496036561155433e-07
7.069950283365088600e-07
1.130367321395562427e-06
1.129543800596505598e-06
1.622537127947644186e-06
2.113467855775892913e-06
2.110590799964081825e-06
1.405147717367041911e-06
7.022556343261800342e-07
7.019376984636289480e-07
4.911340354927517328e-07
2.805972288724089570e-07
2.805464558668310842e-07
1.262230655646642622e-06
2.240722602628601817e-06
2.237488966830738748e-06
1.256773872429623012e-06
2.792327847607611927e-07
2.791825048954602230e-07
1.535227337360451580e-06
2.786306205642025422e-06
2.781307998751225427e-06
1.735204821259729251e-06
6.937713579704611031e-07
6.934610655929511367e-07
1.386302101995941621e-06
2.076668010555137513e-06
2.073890328114372552e-06
1.173634709592735330e-06
2.761001691403955207e-07
2.760510123793155997e-07
5.520037462819975995e-07
8.275636814057816077e-07
8.271222154918908778e-07
5.511208139503708730e-07
2.755114424500406749e-07
2.754624953450236286e-07
4.131203484761964449e-07
5.506315169152699693e-07
5.504360415925347344e-07
6.878008814815163376e-07
8.249219410760758449e-07
8.244832919670101435e-07
1.442078941982905796e-06
2.057379229050031192e-06
2.054652937716970461e-06
1.231160322863278428e-06
4.102781845328772898e-07
4.101696523031830898e-07
3.417176479608065779e-07
2.733259286422958447e-07
2.732777559244036680e-07
5.464592004120300657e-07
8.192557048726481490e-07
8.188230671425798161e-07
1.363984811169927565e-06
1.907229893229899401e-06
1.904886829502019425e-06
1.087171156093889074e-06
2.717451558591188192e-07
2.716975394095030521e-07
4.074749094987147368e-07
5.431095805230975407e-07
5.429194151518735790e-07
8.819352475013676275e-07
1.220180169495887540e-06
1.219220740229296020e-06
9.475377493209243330e-07
6.765173855232319078e-07
6.762223508581260655e-07
6.759275737535202209e-07
6.756330538724403153e-07
6.753387908785004486e-07
4.050268706615763500e-07
1.349972027807884519e-07
1.349854507236076259e-07
1.012302755363220189e-06
1.887331815674025428e-06
1.885037420876638822e-06
1.613784518746502914e-06
1.343655101000049782e-06
1.342491790248540359e-06
8.047982968716482206e-07
2.682196954135155103e-07
2.681733079419553013e-07
2.681269365341609023e-07
2.680805811818824771e-07
2.680342418766082976e-07
5.359758372200217303e-07
8.035471348797704515e-07
8.031309460783895206e-07
1.337858647923682182e-06
1.870742445915917965e-06
1.868488237786390876e-06
9.331197314991115278e-07
