8.129324684232350842e-10
1.559163431115987206e-09
1.496056447685314354e-09
1.196920623900781637e-09
9.321498676644933548e-10
9.076512281860303082e-10
8.840020540653574602e-10
8.611658124271814749e-10
8.391078443704437196e-10
8.177952533841921804e-10
7.971968013240030842e-10
7.772828113737863532e-10
7.580250774681568135e-10
7.393967796932785108e-10
7.213724052239490419e-10
7.039276743909807790e-10
6.870394715064056562e-10
6.706857801028779066e-10
6.548456222719184481e-10
6.394990018108269936e-10
6.246268509093604602e-10
6.102109801305166177e-10
5.962340314563431615e-10
5.826794341891849116e-10
5.695313635131311420e-10
5.567747015367601101e-10
5.443950006497932402e-10
5.323784490405320090e-10
5.207118382308969138e-10
5.093825324965899619e-10
4.983784400510252240e-10
4.876879858770138160e-10
4.773000861028858686e-10
4.672041238228713973e-10
4.573899262718268321e-10
4.478477432688119395e-10
4.385682268501988398e-10
4.295424120195395767e-10
4.207616985452274549e-10
4.122178337415681773e-10
4.039028961753007558e-10
3.958092802391808759e-10
3.879296815446149802e-10
3.802570830807734017e-10
3.727847420980278705e-10
3.655061776720366038e-10
3.584151589087545778e-10
3.515056937541107583e-10
3.447720183729819459e-10
3.382085870654722821e-10
3.318100626895235538e-10
3.255713075622726140e-10
3.194873748120484252e-10
3.135535001576904000e-10
3.077650940897414829e-10
3.021177344328516043e-10
2.966071592682949900e-10
2.329834081568954399e-10
1.728387308661550606e-10
1.709672077435883785e-10
1.127483325291601089e-10
5.617115722777363025e-11
5.596911778294680214e-11
5.576804216038744409e-11
5.556792463152655360e-11
5.536875950855401987e-11
5.517054114414343117e-11
5.497326393101907808e-11
5.477692230171717619e-11
5.458151072820720476e-11
5.438702372157832131e-11
5.419345583171767229e-11
5.400080164699682064e-11
5.380905579393665356e-11
5.361821293690491228e-11
5.342826777783011044e-11
5.323921505582080472e-11
5.305104954697242238e-11
5.286376606396863775e-11
5.267735945578482148e-11
5.249182460746945811e-11
5.230715643981422376e-11
5.212334990897606154e-11
5.194040000637451421e-11
5.175830175819370975e-11
5.157705022527269532e-11
5.139664050271810346e-11
5.121706771967715565e-11
5.103832703906798203e-11
5.086041365723614758e-11
5.068332280379923264e-11
5.050704974126512137e-11
5.033158976484747585e-11
5.015693820217610006e-11
4.998309041299483158e-11
4.981004178901436807e-11
4.963778775352183151e-11
4.946632376120685998e-11
4.929564529791277491e-11
4.912574788038241048e-11
4.895662705594323564e-11
4.878827840239162642e-11
4.862069752762522933e-11
4.845388006945856477e-11
4.828782169544327031e-11
4.812251810251989641e-11
4.795796501684901942e-11
4.779415819355787877e-11
4.763109341659559447e-11
4.746876649831388349e-11
4.730717327948499926e-11
4.714630962885350960e-11
4.698617144311002730e-11
4.682675464650313963e-11
4.666805519076796706e-11
4.651006905478617911e-11
4.635279224444827526e-11
4.619622079245234737e-11
4.604035075803132339e-11
4.588517822681776207e-11
4.573069931056219796e-11
4.557691014697230005e-11
4.542380689956397921e-11
4.527138575733178906e-11
4.511964293467104177e-11
4.496857467112391523e-11
4.481817723117985059e-11
4.466844690411072353e-11
4.451938000378137466e-11
4.437097286842798334e-11
4.422322186046245879e-11
4.407612336635523249e-11
4.392967379640766722e-11
4.378386958451340248e-11
4.363870718808523306e-11
4.349418308778182921e-11
4.335029378741520876e-11
4.320703581369194590e-11
4.306440571606206854e-11
4.292240006659346259e-11
4.278101545972269021e-11
4.264024851217334457e-11
4.250009586270085813e-11
4.236055417196459982e-11
4.222162012237110496e-11
4.208329041789490663e-11
4.194556178389810692e-11
4.180843096702770309e-11
4.167189473496858374e-11
4.153594987637387113e-11
4.140059320061662480e-11
4.126582153771896904e-11
4.113163173813643136e-11
4.099802067267033245e-11
4.086498523217869301e-11
4.073252232763976510e-11
4.060062888976187430e-11
4.046930186901730182e-11
4.033853823545981363e-11
4.020833497846078982e-11
4.007868910671580975e-11
3.994959764804064217e-11
3.982105764919988958e-11
3.969306617580142576e-11
3.956562031215331941e-11
3.943871716109256246e-11
3.931235384393797901e-11
3.918652750021450919e-11
3.906123528764761920e-11
3.893647438195928505e-11
3.881224197672627318e-11
3.868853528330088624e-11
3.856535153065302978e-11
3.844268796523399236e-11
3.832054185086085355e-11
3.819891046853356718e-11
3.807779111643673842e-11
3.795718110966494171e-11
3.783707778022113746e-11
3.771747847679220885e-11
3.759838056470261385e-11
3.747978142576627467e-11
3.736167845816869159e-11
3.724406907630621787e-11
3.712695071075458817e-11
3.701032080808762376e-11
3.689417683074729411e-11
3.677851625699879711e-11
3.666333658072349248e-11
3.654863531146729184e-11
3.643440997405921860e-11
3.632065810876996168e-11
3.620737727106887826e-11
3.609456503151715178e-11
3.598221897568363928e-11
3.587033670405751974e-11
3.575891583184354115e-11
3.564795398902344501e-11
3.553744882006103131e-11
3.542739798393872890e-11
3.531779915400202737e-11
3.520865001788126976e-11
3.509994827731049994e-11
3.499169164813641303e-11
3.488387786014046626e-11
3.477650465700015018e-11
3.466956979608155371e-11
2.471259579968656028e-11
1.484248635070710979e-11
1.482288657299694348e-11
8.606582059606367773e-12
2.409325005280981277e-12
2.408807181670098599e-12
9.805178702215803690e-12
1.717568652270959455e-11
1.714935883513467914e-11
2.568462704962561282e-11
3.414139308598250440e-11
3.403704194278316546e-11
3.393311382099828395e-11
3.382960658466816225e-11
3.372651811077095067e-11
3.362384628912898866e-11
3.352158902220803904e-11
3.341974422522544180e-11
3.331830982588899654e-11
3.321728376436296397e-11
3.311666399320344249e-11
3.301644847724514778e-11
3.291663519357761204e-11
3.281722213133509298e-11
2.862843138024636618e-11
2.448315472495737782e-11
2.442782051754964674e-11
1.624843481601037157e-11
8.118099851792781728e-12
8.111988409949808981e-12
2.026470768713904418e-11
3.232609060010456563e-11
3.222903730701623463e-11
3.213237049182942477e-11
3.203608823766861969e-11
3.194018863903931310e-11
3.184466980175928164e-11
3.174952984284449212e-11
3.165476689047878023e-11
3.156037908393553974e-11
3.146636457343952523e-11
3.137272152015661569e-11
3.127944809611472830e-11
3.118654248405089346e-11
3.109400287745293043e-11
3.100182748040465468e-11
3.091001450756779631e-11
3.081856218402054468e-11
3.072746874531897302e-11
3.063673243730740086e-11
3.054635151609481290e-11
3.045632424798763118e-11
3.036664890942906596e-11
3.027732378692105702e-11
2.264126038269482201e-11
1.507199451724329118e-11
1.504985869291973938e-11
1.502776601041130394e-11
1.500571636495227742e-11
1.498370965207003925e-11
2.244261865137638651e-11
2.983589213737682242e-11
2.974863288194037560e-11
2.966171212383690293e-11
2.957512822759609101e-11
2.948887956717846125e-11
2.940296452597451685e-11
2.931738149664370102e-11
2.923212888121090574e-11
1.821700318176083375e-11
7.281506334205016953e-12
7.276216502750953784e-12
1.454186354442570460e-11
2.176532437435470794e-11
2.171799049612204837e-11
2.528259205371289791e-11
2.881076672211033597e-11
2.872746354257077273e-11
2.864447984508720981e-11
2.856181410353674621e-11
2.847946480060710477e-11
2.839743042760559544e-11
2.831570948445516354e-11
2.823430047963155311e-11
2.815320193010862257e-11
2.807241236130022227e-11
2.799193030701133598e-11
2.791175430936857183e-11
2.783188291875557763e-11
2.775231469380218084e-11
2.767304820129264265e-11
2.759408201611690604e-11
2.751541472123599953e-11
2.743704490758427483e-11
2.735897117405726408e-11
2.728119212747135154e-11
2.720370638248268404e-11
2.712651256152953656e-11
2.704960929479556082e-11
2.697299522016716935e-11
2.689666898317962976e-11
2.682062923693950047e-11
2.674487464212677939e-11
2.666940386686521753e-11
2.659421558680948314e-11
1.988948136368419565e-11
1.324097998312100114e-11
1.322234062577778761e-11
1.320373608915249906e-11
1.318516629219676901e-11
1.316663115406740244e-11
1.972219589122845579e-11
2.622246577543540742e-11
2.614894506503894642e-11
2.607569778349179172e-11
2.600272266426955099e-11
2.593001844785145382e-11
2.585758388168964588e-11
2.578541772014092712e-11
2.571351872451792066e-11
2.564188566292810214e-11
2.557051731027979356e-11
2.549941244822870994e-11
2.542856986519000194e-11
2.535798835617781833e-11
2.528766672289400498e-11
2.521760377359253448e-11
2.514779832307815549e-11
2.507824919263265089e-11
2.500895521003678393e-11
2.493991520945951417e-11
2.487112803144769328e-11
2.480259252291207727e-11
2.473430753698693521e-11
2.466627193315082083e-11
2.459848457706190220e-11
2.453094434050689943e-11
2.446365010147171176e-11
2.439660074404145464e-11
2.432979515829634812e-11
2.426323224040856482e-11
2.419691089249894350e-11
2.413083002263880173e-11
2.406498854479301881e-11
2.399938537882183226e-11
2.393401945040232352e-11
2.386888969102981707e-11
2.380399503792539774e-11
2.373933443403649231e-11
2.367490682806235382e-11
1.475669448391343167e-11
5.898674595332779783e-12
5.894675001050214055e-12
1.178135801332873345e-11
1.763613774772789796e-11
1.760033523764413237e-11
1.463719097070518002e-11
1.169391902182208211e-11
1.167811368148383212e-11
1.166233669201753248e-11
1.164658799004076927e-11
1.163086751237135794e-11
1.742276279397129925e-11
2.316774959147946361e-11
2.310537257691188904e-11
2.304321835191462937e-11
2.298128592535838507e-11
2.291957431147343444e-11
2.285808252971213747e-11
2.279680960469584764e-11
2.273575456630878397e-11
2.267491644951854902e-11
2.261429429440111879e-11
2.255388714615672713e-11
2.249369405503858609e-11
2.243371407628312805e-11
2.237394627013064004e-11
2.231438970182252691e-11
2.225504344146598653e-11
2.219590656412366519e-11
2.213697814967769622e-11
2.207825728286690699e-11
2.201974305329285151e-11
2.196143455525021577e-11
2.190333088782128761e-11
2.184543115485011375e-11
2.178773446482157958e-11
2.173023993087319971e-11
2.167294667083366590e-11
2.161585380710667982e-11
2.155896046669320947e-11
2.150226578111736919e-11
2.144576888645297349e-11
2.138946892325413467e-11
2.133336503655349209e-11
2.127745637583552272e-11
2.122174209499619020e-11
2.116622135230730503e-11
2.111089331038528552e-11
2.105575713626031789e-11
2.100081200116955786e-11
2.094605708069782245e-11
2.089149155470395800e-11
2.083711460721800154e-11
1.558719406990096575e-11
1.037795049809965120e-11
1.036446160253872449e-11
1.035099597641940711e-11
1.033755356974352303e-11
1.032413433259466269e-11
1.546610732286256559e-11
2.056803028290940500e-11
2.051476790570750890e-11
2.046168851186477030e-11
2.040879131841173248e-11
2.035607554636203633e-11
2.030354042077064934e-11
2.025118517057160893e-11
2.019900902869432213e-11
2.014701123199812135e-11
2.009519102119260306e-11
2.004354764089690039e-11
1.999208033951909574e-11
1.994078836932606906e-11
1.988967098640644923e-11
1.983872745057425718e-11
1.978795702544288366e-11
1.973735897834891102e-11
1.968693258033081986e-11
1.963667710613735120e-11
1.958659183413829710e-11
1.953667604637498765e-11
1.948692902855030997e-11
1.943735006994512736e-11
1.211746153960813565e-11
4.843902906989749329e-12
4.840823799279775435e-12
9.675494579924531140e-12
1.448559997537972637e-11
1.445802794322352798e-11
1.683561314563486390e-11
1.919195153899849231e-11
1.914336620948542475e-11
1.909494406322093894e-11
1.904668441754690832e-11
1.899858659327585909e-11
1.895064991451280971e-11
1.890287370887369183e-11
1.885525730720488110e-11
1.880780004375470471e-11
1.876050125610484354e-11
1.871336028512577102e-11
1.866637647495793159e-11
1.861954917296586765e-11
1.857287772985232853e-11
1.292213714588238869e-11
7.310671932946122630e-12
7.303440584108696171e-12
4.617859955831606200e-12
1.938991296709864419e-12
1.938481589944340261e-12
1.891829869154530248e-12
1.845225676977481612e-12
1.844763830281502262e-12
1.198796389093517038e-12
5.532490977073372375e-13
5.532075584357913719e-13
9.219433721752946687e-13
1.290494622907776424e-12
1.290268577360303433e-12
3.409398258733648963e-12
5.524605592168022233e-12
5.520461383322990018e-12
1.195202948640102474e-11
1.834183589448146271e-11
1.829608614740874207e-11
1.825048780298208835e-11
1.820504023711893902e-11
1.815974282886194264e-11
1.811459496025918256e-11
1.806959601643213490e-11
1.802474538551016945e-11
1.798004245864623702e-11
1.793548662997079287e-11
1.789107729660584267e-11
1.244815266638274131e-11
7.042601096762731465e-12
7.035719659590728683e-12
4.448637435561266813e-12
1.867942497932254097e-12
1.867457440239952916e-12
1.733617367660091531e-12
1.599906053538331852e-12
1.599550026776109447e-12
1.288239695865651334e-12
9.771523968304503885e-13
9.770195311371935904e-13
9.768866894301223567e-13
9.767538717076186770e-13
9.766210779625723523e-13
3.151394085525337217e-12
5.322351988309741330e-12
5.318407998445760153e-12
1.151468042509170942e-11
1.767120716447351780e-11
1.762766430678956359e-11
1.226502400472255028e-11
6.939028082215414359e-12
6.932280684674719397e-12
4.383254428310393833e-12
1.840491081432205901e-12
1.840015466236996298e-12
1.664345727165368232e-12
1.488839959425917068e-12
1.488528565268473846e-12
1.356903970154048691e-12
1.225379607093341078e-12
1.225168579733429281e-12
1.006215171946392460e-12
7.873855692950743673e-13
7.872984081424154412e-13
3.017643162578818298e-12
5.244203987342109568e-12
5.240336700051324757e-12
1.134569193087797633e-11
1.741207382127296521e-11
1.736937646624401214e-11
1.732681803206446246e-11
1.728439795577112419e-11
1.724211567710888159e-11
1.199697952038752394e-11
6.787427609835511624e-12
6.780875227865111457e-12
4.287551419541791230e-12
1.800309561838787018e-12
1.799847684877530626e-12
1.370960735432128307e-12
9.424088535126406089e-13
9.422822240150423310e-13
1.713010212929189517e-12
2.482985123861703469e-12
2.482105852637653438e-12
3.807400043786502917e-12
5.129813751311532094e-12
5.126058064718949720e-12
1.109832972848213500e-11
1.703275182865447379e-11
1.699128472145435026e-11
9.322473360915835108e-12
1.694582559622797743e-12
1.694170096073158857e-12
3.345171587508199993e-12
4.992999394867365995e-12
4.989416797344820239e-12
3.380228889871444614e-12
1.774167021224976291e-12
1.773714028903571761e-12
2.491009767128765958e-12
3.207276285618208453e-12
3.205795136001788050e-12
1.686481523452108563e-12
1.686440532765858642e-13
1.686399543404261933e-13
2.613855760820967052e-12
5.055388587347275238e-12
5.051705076065915998e-12
1.093738777725765219e-11
1.678594771093312511e-11
1.674527627735829009e-11
1.165155308085408212e-11
6.592059387012781869e-12
6.585756225583572128e-12
3.581225642966667824e-12
5.829408298699883038e-13
5.828914443484704023e-13
8.742630965754359385e-13
1.165486642231645762e-12
1.165289200125251137e-12
1.040260537884586235e-12
9.153074349508308961e-13
9.151856180970323448e-13
7.070947721420585699e-13
4.990894898348827291e-13
4.990532616492274171e-13
3.742627777166083511e-13
2.494994629596176162e-13
2.494904078775321919e-13
9.563451873856918667e-13
1.662806667180318922e-12
1.662404442060981205e-12
3.324004692271190145e-12
4.982390498986196883e-12
4.978777442174718387e-12
5.762902775573366217e-12
6.544387057948023137e-12
6.538144346345912614e-12
3.720707965840589746e-12
9.093855989393696820e-13
9.092648275311388111e-13
8.678193466276889088e-13
8.263948391530912134e-13
8.262950784668776339e-13
1.115363700589578758e-12
1.404243867612837789e-12
1.403955746341642257e-12
8.256868844529321948e-13
2.476970965832861893e-13
2.476881282622259089e-13
9.494367814241306079e-13
1.650795903031179373e-12
1.650397531289467283e-12
2.433748948616263761e-12
3.215985002454197473e-12
3.214472340281093372e-12
2.471508171368489697e-12
1.729617621885449007e-12
1.729179671118554055e-12
2.510791760083218826e-12
3.291254025248347284e-12
3.289667414256098965e-12
3.246980796045477715e-12
3.204373419173333267e-12
3.202868004802149507e-12
1.641724886899969313e-12
8.208525552624184871e-14
8.208426672289401270e-14
8.618744183151797359e-13
1.641270110081125573e-12
1.640874787952680438e-12
1.353395663610641625e-12
1.066144808840894960e-12
1.065977917415137567e-12
9.428328613677282465e-13
8.197559484176030008e-13
8.196572505563980014e-13
1.106404067443088496e-12
1.392964436743477586e-12
1.392679384562112684e-12
2.293355498554515674e-12
3.192817443296193347e-12
3.191319233477642159e-12
2.044757664802514313e-12
8.995743073698494066e-13
8.994552631480163190e-13
8.584573198526567239e-13
8.174800499934018360e-13
8.173817158376493114e-13
1.225925096082528363e-12
1.634173615197793990e-12
1.633780561200252732e-12
1.020867270458109294e-12
4.083223550562381411e-13
4.082978038899371708e-13
8.165465093656886581e-13
1.224598856469883023e-12
1.224378001796434075e-12
2.203482960023385209e-12
3.181316743250795650e-12
3.179825695060383267e-12
2.444873519036967931e-12
1.710979623415019590e-12
1.710547928194475025e-12
1.832267547430382841e-12
1.953855261651322394e-12
1.953292021736587507e-12
1.627274164513208545e-12
1.301569178391588343e-12
1.301319089004021786e-12
3.090039025633247826e-12
4.875495132913528665e-12
4.871984637787412000e-12
4.057064582053165011e-12
3.244094178624234248e-12
3.242537683944766330e-12
3.200469903551930853e-12
3.158479856210627945e-12
3.157003003707796800e-12
1.901407335897656390e-12
6.472255231437044200e-13
6.471634504843613161e-13
8.493205687689153801e-13
1.051375889458495057e-12
1.051212061016727332e-12
6.872238665401283132e-13
3.233839615278777417e-13
3.233684574376319677e-13
7.275441472516397268e-13
1.131545454354478026e-12
1.131355610843144338e-12
1.454356040946309697e-12
1.777077713698957938e-12
1.776609319134905608e-12
3.310081119480789441e-12
4.840540714084067330e-12
4.837063597733962186e-12
1.047277789449220308e-11
1.607344787358922400e-11
1.603505194240583123e-11
8.798227743370592562e-12
1.599295696770903986e-12
1.598913743193661302e-12
3.157100523718926490e-12
4.712348320321993997e-12
4.709030608724685211e-12
3.190315931037763100e-12
1.674496209429216193e-12
1.674076694677869437e-12
1.195469513918804254e-12
7.172046985566152699e-13
7.171276997439004394e-13
1.593446026460706014e-12
2.468928231434916116e-12
2.468015570095212857e-12
1.631471574607620550e-12
7.957448999534804825e-13
7.956500224411759073e-13
2.386665479853627021e-12
3.975405363609735968e-12
3.973036802959217207e-12
9.926675289878354663e-12
1.584488827016086312e-11
1.580721540053532150e-11
8.673313762136197724e-12
1.576591250322936445e-12
1.576216480417217249e-12
3.112287611892312343e-12
4.645475021184587488e-12
4.642219679575833698e-12
3.145062621440166671e-12
1.650746107994502488e-12
1.650334476089919565e-12
1.374935817067730119e-12
1.099765817179307082e-12
1.099583021062191523e-12
1.570571807557885714e-12
2.041113227620850905e-12
2.040483363634889506e-12
3.373604291641656305e-12
4.704004166191259283e-12
4.700656673271127073e-12
1.017751007663419906e-11
1.562062456577976946e-11
1.558365786261972211e-11
1.554680724461120356e-11
1.551007225761547189e-11
1.547345244971563432e-11
1.076727079136280469e-11
6.091910953477135073e-12
6.086234727645825551e-12
3.848459191930571088e-12
1.615952578344876330e-12
1.615552427704310810e-12
1.884344476748022248e-12
2.152825672633769637e-12
2.152115111989875059e-12
1.536717759118780763e-12
9.219002423710078057e-13
9.217698537650245722e-13
2.764918468944004167e-12
4.604940180962447168e-12
4.601685970511726532e-12
9.963275428792865564e-12
1.529206542648541168e-11
1.525612732019137333e-11
1.522030128795804967e-11
1.518458689450099159e-11
1.514898370647230909e-11
1.511349129260271038e-11
1.507810922352978765e-11
1.504283707200952002e-11
1.500767441262479576e-11
1.497262082212324450e-11
1.493767587899866122e-11
1.039473031677239176e-11
5.881197813113674685e-12
5.875780790705724207e-12
3.715424298988422324e-12
1.560096193252310316e-12
1.559714305112180844e-12
1.299443784255163247e-12
1.039385400469265708e-12
1.039215810292065411e-12
9.277198721986140541e-13
8.162888344908222312e-13
8.161841992646183236e-13
9.644576876378748018e-13
1.112641296043163906e-12
1.112446843797181976e-12
2.780631091706537197e-12
4.445901036957562643e-12
4.442795211231337256e-12
7.769461465831553859e-12
1.107986871209097068e-11
1.106055158786855972e-11
7.360852775695539008e-12
3.678288311037147148e-12
3.676151883419738688e-12
9.185042758525365034e-12
1.466197771099959129e-11
1.462799194958863725e-11
1.459411072702995162e-11
1.456033364276093180e-11
1.452666029814465327e-11
1.449309029625727770e-11
1.445962324204460015e-11
1.442625874230203028e-11
1.079474730414383345e-11
7.188201713211168719e-12
7.179917921043112856e-12
7.171646802042141125e-12
7.163388332059318156e-12
7.155142486969068354e-12
1.072036386409912024e-11
1.426096092179315403e-11
1.422820359052732226e-11
1.419554611074743431e-11
1.416298810338732938e-11
1.413052919098869190e-11
1.409816899789320786e-11
1.406590715011841664e-11
1.403374327531223545e-11
1.400167700295795471e-11
1.396970796403050253e-11
1.393783579136694083e-11
1.390606011931163391e-11
1.387438058393031543e-11
1.384279682291606600e-11
1.381130847559771592e-11
1.377991518292848109e-11
1.374861658751397734e-11
1.371741233348429010e-11
1.368630206663429306e-11
1.365528543437732923e-11
1.362436208563010523e-11
1.359353167094360230e-11
1.356279384237306357e-11
8.457592658509204162e-12
3.381125307121821779e-12
3.379214985346311833e-12
6.754612193495256126e-12
1.011476404975076653e-11
1.009764836050513941e-11
8.400475928756284350e-12
6.712805058730916326e-12
6.705240711982751018e-12
6.697687681612821676e-12
6.690145946550798419e-12
6.682615485719519050e-12
1.001264441719695665e-11
1.332018307780501031e-11
1.329026312353963459e-11
7.293237798461253092e-12
1.325745417731384087e-12
1.325447688210271325e-12
6.625750237399589089e-12
1.190227744098415480e-11
1.187826894547469140e-11
1.251289832144414681e-11
1.314199462347732495e-11
1.311260487985061384e-11
1.308330236252088101e-11
1.305408674899904028e-11
1.302495771827080713e-11
9.746936212976249542e-12
6.490712908002104427e-12
6.483479063986916544e-12
6.476255923449531714e-12
6.469043466681522042e-12
6.461841673988491818e-12
9.681975788614206934e-12
1.288060016824702992e-11
1.285198397102027757e-11
1.282345214859606274e-11
1.279500439096631572e-11
1.276664038973000102e-11
1.273835983762381513e-11
1.271016242880529236e-11
1.268204785884128407e-11
1.265401582454800098e-11
1.262606602410187478e-11
1.259819815701413528e-11
1.257041192406417868e-11
1.254270702737210750e-11
1.251508317038150353e-11
1.092659755056980638e-11
9.350201651206663074e-12
9.334782106398955658e-12
6.212930877702621167e-12
3.104758401704103210e-12
3.103052610197909992e-12
7.753370157988282899e-12
1.237816919055517088e-11
1.235102541547485966e-11
1.232396063986825999e-11
1.229697457733002690e-11
1.227006694270065767e-11
1.224323745206164022e-11
1.221648582267731783e-11
1.218981177309086467e-11
9.122411267286190236e-12
6.074972774053240393e-12
6.068347646746213918e-12
6.061732112269554942e-12
6.055126153302853495e-12
6.048529752572445810e-12
9.062914339275194099e-12
1.205759545536313984e-11
1.203138104134475222e-11
1.200524227052320315e-11
1.197917887103451271e-11
1.195319057213256933e-11
1.192727710423358751e-11
1.190143819893933837e-11
1.187567358897476213e-11
1.184998300825692462e-11
1.182436619178308613e-11
1.179882287574190068e-11
8.830014598061782221e-12
5.880322570298057003e-12
5.873977847604465104e-12
5.867642214360003952e-12
5.861315654329560890e-12
5.854998151337437288e-12
8.773034533824713778e-12
1.167219964626159770e-11
1.164709185503013989e-11
1.162205574864872154e-11
1.159709107218490973e-11
1.157219757177528134e-11
1.154737499461704619e-11
1.152262308899357011e-11
1.149794160423711141e-11
7.170831431746940334e-12
2.866797099388504515e-12
2.865262717650583671e-12
5.727458853046940037e-12
8.577408261345161058e-12
8.563657585340204869e-12
7.124946811420469550e-12
5.693869857070519920e-12
5.687790897643230417e-12
5.681720555593403039e-12
5.675658815725577260e-12
5.669605662811000959e-12
8.495341622581987650e-12
1.130299514901988895e-11
1.127893634689001609e-11
6.190220034261213765e-12
1.125255016306797404e-12
1.125015548640607264e-12
5.623880743282790264e-12
1.010362131639287076e-11
1.008430646380967717e-11
1.062420954816120150e-11
1.115965714768216975e-11
1.113600260958558956e-11
1.111241462318069838e-11
1.108889295519729989e-11
1.106543737341737958e-11
1.104204764648752055e-11
1.101872354409629176e-11
1.099546483683888281e-11
1.097227129634779847e-11
1.094914269515829647e-11
1.092607880672345765e-11
1.090307940553485257e-11
1.088014426694627125e-11
1.085727316725669005e-11
1.083446588375389896e-11
1.081172219459742327e-11
1.078904187886382295e-11
1.076642471659833014e-11
1.074387048872740054e-11
1.072137897707727500e-11
8.024212473309799812e-12
5.343879413771409831e-12
5.338291617173757049e-12
5.332711578977860578e-12
5.327139285730493709e-12
5.321574724060026580e-12
7.974026820887794254e-12
1.060985458981241238e-11
1.058773484456884209e-11
1.056567631353532656e-11
1.054367878567512756e-11
1.052174205081532900e-11
1.049986589966837916e-11
1.047805012376179003e-11
1.045629451556408363e-11
1.043459886828498913e-11
1.041296297611003255e-11
1.039138663394798658e-11
7.777402228246798643e-12
5.179566665312197598e-12
5.174205891933679269e-12
5.168852486051130508e-12
5.163506435037306451e-12
5.158167726303528726e-12
7.729254520918794856e-12
1.028439105648251163e-11
1.026316775581776975e-11
1.024200259331694052e-11
1.022089537058614038e-11
1.019984589001768217e-11
1.017885395486008984e-11
1.015791936908935068e-11
1.013704193751435823e-11
1.011622146577385396e-11
1.009545776021071848e-11
1.007475062809204517e-11
7.540574907983972768e-12
5.021897792570273614e-12
5.016752658330822231e-12
5.011614524030427672e-12
5.006483377831989161e-12
5.001359207846811338e-12
7.494363003435857547e-12
9.972056874535799442e-12
9.951685177323541878e-12
9.931368725563926334e-12
9.911107332597613369e-12
9.890900812523770392e-12
9.870748980245461584e-12
9.850651651297634718e-12
9.830608642101816858e-12
9.810619769723490326e-12
9.790684851979870138e-12
9.770803707420006432e-12
7.313232116555331650e-12
4.870541210142445042e-12
4.865601007944662211e-12
4.860667459882244251e-12
4.855740554820183359e-12
4.850820281577681142e-12
7.268859943586157610e-12
9.672198283507543450e-12
9.652636008705633345e-12
9.633126257280599824e-12
9.613668853612100141e-12
9.594263622641208077e-12
9.574910390130458847e-12
9.555608982473061187e-12
9.536359226792923193e-12
9.517160950836269051e-12
9.498013983134564532e-12
9.478918152808549503e-12
7.094904967326078279e-12
4.725184958975824367e-12
4.720439612236023368e-12
4.715700594109536729e-12
4.710967894076506792e-12
4.706241501649970065e-12
7.052282109497856538e-12
9.384200130574305132e-12
9.365407575070458975e-12
7.009998734992320281e-12
4.668656182939158990e-12
4.663986089949530558e-12
4.659322200717747647e-12
4.654664504973055940e-12
4.650012992476412675e-12
4.645367652993311659e-12
4.640728476323115058e-12
4.636095452252488947e-12
4.631468570637719899e-12
4.626847821314081349e-12
4.622233194161144521e-12
4.617624679061780471e-12
4.613022265932949146e-12
4.608425944709831893e-12
4.603835705317623304e-12
4.599251537764626201e-12
4.594673432021354011e-12
4.590101378103174516e-12
4.585535366022499783e-12
4.580975385856677978e-12
4.576421427646483607e-12
4.571873481514187852e-12
4.567331537540997711e-12
6.844193378798783817e-12
9.107483239998913978e-12
9.089423010673123533e-12
9.071410327211888836e-12
9.053445033620407335e-12
9.035526974592892078e-12
9.017655995413833491e-12
8.999831941918264012e-12
8.982054660666787571e-12
8.964323998661292797e-12
8.946639803660546659e-12
8.929001923916672814e-12
6.683557656218031477e-12
4.451315807481952905e-12
4.446932253131324118e-12
4.442554431737339255e-12
4.438182333941326140e-12
4.433815950433264389e-12
6.644182907829989216e-12
8.841501985161487884e-12
8.824138843870449230e-12
8.806820972232424102e-12
8.789548223219268790e-12
8.772320450360675973e-12
8.755137507712685308e-12
8.737999249987145276e-12
8.720905532351900593e-12
8.703856210630263912e-12
8.686851141113345986e-12
8.669890180748984044e-12
6.489729890233378339e-12
4.322265566572193780e-12
4.318050008882856483e-12
4.313839911584481177e-12
4.309635265864199989e-12
4.305436062911688789e-12
6.451863440943640436e-12
8.585742045963037613e-12
8.569042766089597511e-12
6.414289956755004972e-12
4.272037329077678222e-12
4.267886717991782569e-12
2.174508145941516209e-12
8.527317224175003028e-14
8.527151527371263115e-14
2.131746458714314482e-13
3.410529243023796993e-13
3.410264179471115217e-13
1.918124518098646858e-13
4.262457519626157769e-14
4.262416110673806901e-14
2.344306086217927704e-13
4.261960647298704605e-13
4.261546645826715216e-13
1.896204050514284050e-12
3.363712864434626060e-12
3.361133527958112024e-12
2.912166355236342481e-12
2.464388230269199015e-12
2.463001605804060212e-12
4.244165547698539113e-12
6.018420481912568229e-12
6.010141045553769585e-12
4.057606806160297441e-12
2.112313506807265801e-12
2.111290793666846374e-12
4.220537476528472519e-12
6.321619539592524221e-12
6.312450566432354582e-12
5.252749377299597900e-12
4.198138777934435968e-12
4.194083265563204200e-12
4.190032956390089135e-12
4.185987842092315296e-12
4.181947914371865271e-12
5.222391456196570673e-12
6.257806098018280169e-12
6.248759855615243732e-12
4.159820652406949283e-12
2.078908401575251537e-12
2.077907118059707410e-12
3.115359712718037621e-12
4.149814218134611831e-12
4.145820598530202785e-12
4.141832083325893478e-12
4.137848664396657915e-12
4.133870333639739354e-12
6.194845624376066612e-12
8.243931578686181052e-12
8.228109438321126849e-12
5.132704760203327832e-12
2.052097111384688368e-12
2.051112946165778570e-12
4.100258815839603853e-12
6.141547650190141756e-12
6.132723951281311253e-12
5.103264239078605364e-12
4.078703451150148548e-12
4.074800479293732836e-12
2.238996357301312801e-12
4.070512939180823602e-13
4.070123460067713989e-13
1.017433507617761967e-12
1.627270722804366806e-12
1.626648150026912332e-12
2.845545313907372937e-12
4.061179089300827271e-12
4.057298377412250476e-12
3.040066942993046984e-12
2.025743270883024835e-12
2.024775860626590419e-12
2.023809064070405524e-12
2.022842880724769128e-12
2.021877310106529802e-12
2.020912351729098551e-12
2.019948005108508477e-12
2.018984269765536046e-12
2.018021145212052610e-12
2.017058630976047422e-12
2.016096726561411236e-12
1.430746156365722426e-12
8.461873850476450148e-13
8.460179339621139715e-13
6.444560212974255682e-13
4.430170430497378169e-13
4.429705779330224165e-13
4.026582902657667242e-13
3.623613647663702810e-13
3.623302718373623102e-13
3.622991824520241543e-13
3.622680966119756415e-13
3.622370143157008461e-13
3.219608316103983101e-13
2.816969288373014571e-13
2.816781316814693012e-13
5.029631003408125304e-13
7.241426037859782679e-13
7.240183714020755880e-13
8.646513665330175619e-13
1.005169039767989589e-12
1.004929589611244222e-12
7.836583678813930903e-13
5.625514712533234871e-13
5.624764352762726542e-13
9.239451778399834284e-13
1.285097101947703976e-12
1.284705419490586825e-12
7.224265662857473890e-13
1.605331207849730879e-13
1.605270049274645062e-13
1.083516003312402884e-12
2.005555889253610214e-12
2.004601265341289959e-12
3.005470867539325463e-12
4.003482026613868330e-12
3.999674380590020504e-12
3.995871544386277888e-12
3.992073510435810344e-12
3.988280271180249369e-12
3.984491819062825893e-12
3.980708146582966620e-12
3.976929246186599704e-12
2.224966861831272302e-12
4.767243040739645525e-13
4.766700031166188684e-13
1.985898793228791557e-12
3.492263973343966014e-12
3.489349306131154657e-12
2.535591178157942505e-12
1.584143434911381205e-12
1.583542686304305449e-12
9.893389002166196134e-13
3.956980440292098597e-13
3.956605326978672841e-13
5.340910852236655174e-13
6.724507686911331210e-13
6.723424162269212390e-13
5.140613606129030597e-13
3.558582770574146965e-13
3.558279232856521995e-13
1.976653183069654451e-13
3.953268898984018313e-14
3.953231432270329660e-14
7.906387932045295300e-14
1.185924471021941888e-13
1.185890753528824727e-13
1.383499876867120460e-13
1.581082779099265889e-13
1.581022844803592112e-13
3.359546191271101346e-13
5.137496512645810451e-13
5.136863659906282978e-13
3.160757483533276797e-13
1.185250363009208609e-13
1.185216670975610589e-13
4.543201424161714228e-13
7.899722717628476721e-13
7.898225943987564255e-13
5.132874205646990103e-13
2.368884210465209715e-13
2.368749566956539179e-13
3.158153244818728643e-13
3.947317612154521557e-13
3.946943715348147098e-13
4.735883838697962913e-13
5.524465176971124172e-13
5.523732671172219757e-13
8.679000462640572378e-13
1.183163860718335141e-12
1.182827785221464213e-12
9.854098637849084161e-13
7.881786274581775133e-13
7.880294014318131710e-13
2.363640638823199162e-12
3.935674165445967310e-12
3.931951949214221572e-12
2.474787677452113585e-12
1.021089839403269435e-12
1.020838814572299522e-12
9.028277326803871342e-13
7.849191496403498726e-13
7.847707429335466058e-13
4.707734241037087910e-13
1.569185408187607400e-13
1.569126072342328222e-13
1.059120049149856505e-12
1.960406662654896250e-12
1.959480482670020839e-12
1.723528297878033187e-12
1.487967381221095200e-12
1.487433305451053130e-12
1.956446689920035542e-12
2.424573728428377849e-12
2.423154665707639702e-12
2.187375089510243069e-12
1.952091930201599585e-12
1.951170965267981201e-12
1.111642829185524925e-12
2.730170476981052370e-13
2.729990161249285299e-13
4.874660466682930801e-13
7.018319071689050057e-13
7.017127340278296202e-13
7.015935877666581023e-13
7.014744683893588390e-13
7.013553758766653479e-13
4.869696598779110695e-13
2.726850055103501488e-13
2.726670030684764880e-13
2.921239309329812316e-13
3.115753505385777439e-13
3.115518437736061760e-13
3.115283393633589647e-13
3.115048373114213502e-13
3.114813376128309053e-13
2.335933802020529400e-13
1.557230462398916786e-13
1.557171726400856726e-13
1.751752117520804505e-13
1.946299476465993354e-13
1.946207716992261383e-13
5.643736293465010251e-13
9.339243001685317704e-13
9.337130015084585425e-13
7.001263247718943090e-13
4.666980862995056959e-13
4.666452973514322504e-13
4.082684517936967297e-13
3.499147018340303243e-13
3.498850197620735425e-13
5.053466037167220361e-13
6.607319928715444814e-13
6.606261418794543126e-13
5.828120412477295594e-13
5.050418948531826914e-13
5.049800306943663166e-13
3.301388077800664454e-13
1.553535835694266674e-13
1.553477284773965767e-13
3.495192157766748650e-13
5.436248446650235475e-13
5.435531440234056476e-13
3.687909879626639687e-13
1.940913771802310456e-13
1.940822349526562033e-13
1.940730932966655371e-13
1.940639522129972189e-13
1.940548117006300715e-13
2.328548061139587383e-13
2.716460275290709330e-13
2.716281161619749650e-13
3.104116644136425002e-13
3.491835194360145914e-13
3.491539197410796775e-13
2.909369361487676724e-13
2.327363962156158989e-13
2.327232444995947631e-13
2.908876172112618266e-13
3.490355542915671561e-13
3.490059712601271676e-13
1.938757730873948329e-13
3.877478945779841623e-14
3.877442430374525626e-14
1.357092070442412199e-13
2.326312101254454549e-13
2.326180663055785671e-13
1.163024617362519599e-13
0.000000000000000000e+00
0.000000000000000000e+00
7.753497449083463154e-14
1.550641080865756948e-13
1.550582674856241747e-13
1.938155339707186292e-13
2.325655008909182159e-13
2.325523620031588465e-13
5.813480602543965223e-13
9.299467294248177207e-13
9.297366255292078862e-13
6.390495269782381967e-13
3.485429383638840527e-13
3.485134107911446647e-13
3.097634547031809492e-13
2.710251643044925794e-13
2.710073073065483789e-13
2.516330624508126520e-13
2.322635558195614372e-13
2.322504395913957152e-13
3.096497657950358650e-13
3.870257796546388618e-13
3.869893566204954605e-13
5.417341133941958798e-13
6.963973134245200452e-13
6.962793647459552792e-13
5.414588998077675152e-13
3.867199676538791850e-13
3.866835828507076487e-13
2.706530418172510014e-13
1.546530607060209750e-13
1.546472406659732081e-13
9.665088807352460186e-14
3.865999150652660700e-14
3.865962778801880604e-14
1.353074242584170903e-13
2.319424913169771671e-13
2.319293991720707236e-13
2.512426670084388462e-13
2.705512089304954185e-13
2.705333934087841094e-13
2.125479552777854745e-13
1.545745147074110792e-13
1.545686985939774370e-13
3.864072069280402300e-13
6.181584895507612791e-13
6.180654666167099045e-13
3.476095100350595232e-13
7.724510475528940543e-14
7.724365176212823911e-14
2.703476958228485130e-13
4.634008909717160391e-13
4.633485969490403768e-13
2.702561812793737655e-13
7.721459952640695012e-14
7.721314729554137521e-14
1.158175426539827359e-13
1.544175816436242792e-13
1.544117733745572647e-13
1.158044740473766243e-13
7.720153075668472436e-14
7.720007885251893874e-14
1.929965674632897842e-13
3.087712795077097267e-13
3.087480533948722783e-13
3.280201314520566611e-13
3.472860438112855467e-13
3.472566576251589554e-13
3.472272747419117909e-13
3.471978951639345670e-13
3.471685188871193503e-13
2.507116053799219315e-13
1.542782632511991524e-13
1.542724619428729465e-13
2.699666566180075232e-13
3.856303991172750700e-13
3.855941504493056350e-13
2.313347437860383436e-13
7.711013160533416449e-14
7.710868198475731062e-14
7.710723240020144865e-14
7.710578285056491223e-14
7.710433333838537224e-14
1.734814886918519596e-13
2.698423384389874975e-13
2.698245849076036192e-13
2.119910830156071539e-13
1.541695369356140208e-13
1.541637410585681872e-13
1.734276886563834533e-13
1.926883767425931145e-13
1.926793222116133906e-13
3.275394560187068156e-13
4.623564984812385977e-13
4.623043609855222191e-13
2.696471349254300103e-13
7.704059062905808281e-14
7.703914274498583329e-14
5.777827117385852833e-14
3.851848549404977453e-14
3.851812354334036817e-14
1.155532847914799859e-13
1.925797596691561450e-13
1.925707119184489272e-13
1.155369988402399619e-13
3.851197107161812876e-14
3.851160920223279702e-14
9.627811834674384146e-14
1.540391996970054537e-13
1.540334103291492269e-13
2.117879792198230114e-13
2.695306093529212469e-13
2.695128830672044079e-13
1.732468874962439008e-13
7.699716982953550609e-14
7.699572302943366904e-14
5.774570719925634698e-14
3.849677644738197083e-14
3.849641476765467890e-14
3.849605309387597248e-14
3.849569142317180411e-14
3.849532975709835023e-14
5.774245214302087555e-14
7.698848957018262533e-14
7.698704298699144800e-14
5.773919733080545187e-14
3.849243659048493507e-14
3.849207496497207099e-14
1.347209967024197263e-13
2.309372622754949912e-13
2.309242454633716717e-13
1.924260246882731658e-13
1.539350352945952860e-13
1.539292511273890922e-13
1.924043340621369027e-13
2.308721879612429629e-13
2.308591760222510118e-13
2.116089846356462199e-13
1.923627694416865028e-13
1.923537352334853832e-13
1.923447015890452873e-13
1.923356685076652522e-13
1.923266359906152555e-13
1.923176040365970216e-13
1.923085726466186010e-13
1.922995418199421754e-13
1.922905115567295812e-13
1.922814818570893151e-13
1.922724527203301077e-13
1.153580544876151049e-13
3.845232370029541671e-14
3.845196257534810585e-14
1.538064058185444286e-13
2.691435161668254773e-13
2.691258236958104184e-13
1.729980853521819455e-13
7.688659385744422217e-14
7.688514981723349026e-14
5.766277936052567985e-13
1.076088909562113251e-12
1.075806036561121502e-12
5.761731762547851000e-13
7.682164771197552490e-14
7.682020529232321471e-14
1.344328350891570994e-13
1.920378927662730114e-13
1.920288788233112846e-13
1.536158923543736238e-13
1.152086746105942893e-13
1.152054300767686850e-13
1.536029142210408600e-13
1.919946309685086255e-13
1.919856197242634310e-13
1.343836263298452313e-13
7.678920196942493649e-14
7.678776035921660386e-14
1.343760578757807307e-13
1.919567875175423585e-13
1.919477786327978525e-13
3.071020324964650409e-13
4.222216987458066461e-13
4.221781087927599095e-13
4.029465918727554710e-13
3.837226438289637560e-13
3.836866332211337141e-13
3.836506271034371892e-13
3.836146254749572853e-13
3.835786283338440034e-13
2.684798449762394130e-13
1.534112959504365570e-13
1.534055379159800610e-13
1.150498351257764221e-13
7.669845070181775838e-14
7.669701135482471826e-14
4.218256462370948534e-13
7.668118090399216501e-13
7.666679335228150694e-13
5.557299680560470417e-13
3.449067199769482235e-13
3.448776009774887998e-13
3.640067344257338425e-13
3.831290425128823857e-13
3.830931058990473319e-13
3.639043150764455253e-13
3.447223548043147909e-13
3.446932564837094515e-13
1.914800896812858099e-13
3.829565875927717363e-14
3.829529958798636051e-14
7.658988084455404457e-14
1.148815888440619361e-13
1.148783565433055492e-13
3.254795190327078741e-13
5.360135314566474015e-13
5.359431614939846398e-13
5.932877470675211392e-13
6.505989686675780809e-13
6.504952689690183826e-13
4.208416178540788585e-13
1.912826770449334518e-13
1.912737101702120281e-13
4.207824364783480277e-13
6.501964926818203278e-13
6.500928782068910372e-13
3.441119747639897445e-13
3.823430545141841399e-14
3.823394704426275280e-14
3.058687091314536731e-13
5.734231970737388480e-13
5.733425795862491180e-13
4.203921165816197356e-13
2.675047049945611269e-13
2.674871555111863274e-13
1.719447477149981368e-13
7.641845546671679219e-14
7.641702309654389353e-14
3.820779538148057779e-13
6.876243122250279965e-13
6.875083335746775275e-13
7.255808465237214842e-13
7.636261945579291475e-13
7.634831126106950560e-13
4.580040397721109303e-13
1.526622922585422264e-13
1.526565715447965000e-13
7.632542555881724965e-14
0.000000000000000000e+00
0.000000000000000000e+00
1.526508511163634109e-13
3.052788222276883907e-13
3.052559444994201166e-13
4.960037372030475558e-13
6.866586171272889697e-13
6.865428548296109852e-13
8.198990581634305483e-13
9.531478007050842053e-13
9.529246729671422679e-13
5.144588718969300465e-13
7.621470183528347970e-14
7.621327453712857625e-14
4.763240454711922545e-13
8.762475175359795779e-13
8.760588453943850191e-13
1.332845997953130703e-12
1.789034479080150827e-12
1.788247649526194777e-12
1.901554552866097531e-12
2.014648486891716539e-12
2.013649805939175673e-12
1.955689939723751974e-12
1.897840427904544718e-12
1.896953310276884455e-12
1.554774729683400046e-12
1.213119762994121518e-12
1.212756954365419056e-12
6.630281272815747425e-13
1.136587778880739386e-13
1.136555912185401659e-13
3.409572140061420104e-13
5.681823684745672965e-13
5.681027284429414212e-13
2.177421895762928580e-12
3.783284315459597379e-12
3.779752329130672250e-12
3.776224722501775347e-12
3.772701488814320846e-12
3.769182621287532835e-12
1.920490737740219682e-12
7.531195734848016721e-14
7.531055246869926909e-14
3.765457381199026605e-13
6.776685502563240568e-13
6.775547972722625952e-13
4.139917647899992343e-13
1.505368445098107586e-13
1.505312293751111005e-13
1.881570181485347558e-13
2.257757891342651790e-13
2.257631574279386084e-13
1.316878072187449086e-13
3.762473693640116986e-14
3.762438610134626125e-14
3.009922821744043411e-13
5.642815999858725079e-13
5.642026855615140440e-13
3.572783976742305531e-13
1.504273995566061347e-13
1.504217898452913484e-13
5.076546088907394675e-13
8.647076064806435310e-13
8.645222284111808737e-13
7.703872397575727234e-13
6.763240978399263109e-13
6.762106445961417202e-13
5.070729124788269675e-13
3.380202560687149213e-13
3.379919069798578420e-13
1.276751230628997478e-12
2.214321237711723206e-12
2.213104464216261317e-12
1.312137292587517762e-12
4.123437602181305846e-13
4.123015199451584899e-13
7.683013955567360977e-13
1.124029444275862394e-12
1.123715499402238223e-12
1.404252088780317657e-12
1.684396720138802418e-12
1.683691326461392292e-12
9.349924028989261580e-13
1.869897795506605957e-13
1.869810790593776647e-13
1.028348085088796446e-12
1.868854091510279042e-12
1.867984929352706676e-12
2.800674456310970207e-12
3.730761326482091680e-12
3.727294330625259564e-12
3.723831614246417399e-12
3.720373170750538170e-12
3.716918993575524570e-12
3.713469076142435986e-12
3.710023411931954241e-12
3.706581994395990783e-12
1.999698201185711126e-12
2.962296020633126882e-13
2.962076209338019987e-13
3.702320524638605498e-13
4.442290163857871037e-13
4.441795771272216058e-13
2.590759180201931055e-13
7.402031787079250004e-14
7.401894491334629629e-14
2.590615019664971187e-13
4.440560109558083863e-13
4.440065972774607767e-13
3.514661094645392636e-13
2.589582181038766935e-13
2.589414096291930072e-13
2.959138315475958338e-13
3.328752801909480941e-13
3.328475029681470506e-13
1.090909111155509534e-12
1.848141578321778756e-12
1.847285190748205329e-12
1.846429330343215024e-12
1.845573996712100113e-12
1.844719189454630387e-12
1.843864908156273250e-12
1.843011152425221760e-12
1.842157921844902430e-12
1.841305216019424113e-12
1.840453034549450425e-12
1.839601377021829692e-12
1.838750243055160970e-12
1.837899632224405497e-12
1.837049544151878180e-12
2.754299967620848652e-12
3.669004824793077393e-12
3.665613861921319687e-12
3.662227061853661908e-12
3.658844418207356305e-12
3.655465924639265286e-12
3.031236007079689855e-12
2.408912068690134686e-12
2.407444886311702223e-12
1.822711281062374745e-12
1.239054862159236561e-12
1.238666215230247186e-12
7.830285647272004851e-13
3.277521855283057988e-13
3.277249748710145880e-13
1.820543151190324752e-13
3.641052714776552402e-14
3.641019127537715821e-14
5.461478311085268191e-14
7.281836736519958070e-14
7.281702395039018339e-14
7.281568056943046673e-14
7.281433721880732388e-14
7.281299390265332575e-14
3.276524277909004788e-13
5.824072443106941228e-13
5.823213005118942697e-13
6.550147952630167313e-13
7.276599857160195569e-13
7.275257873671502928e-13
4.182501825909942843e-13
1.091057249867026401e-13
1.091027067994964563e-13
4.545820363519038368e-12
8.962113465655710644e-12
8.941747571351156225e-12
7.169661781350861493e-12
5.410410350653207693e-12
5.402953940853674512e-12
4.496259315606599651e-12
3.593704602639846511e-12
3.590405781185227511e-12
6.277444218489162417e-12
8.947228853397760867e-12
8.926742766197384214e-12
8.193813440017035646e-12
7.466937165968222972e-12
7.452603063807294861e-12
3.896255262189641159e-12
3.541726463620013629e-13
3.541402728231126601e-13
1.947593467680586550e-13
3.541046664599749047e-14
3.541014297536107525e-14
1.947540062042194543e-13
3.540658285996952345e-13
3.540334680323243782e-13
2.655008335460443183e-13
1.769924672743072351e-13
1.769843793426940208e-13
3.362549546141455674e-13
4.954702191040222285e-13
4.954068316631152175e-13
1.769083767836465574e-12
3.040434032714952521e-12
3.038046478522495273e-12
4.412298568103808638e-12
5.780275435375592862e-12
5.771632355619617350e-12
7.274038615682519224e-12
8.765076379850363733e-12
8.745142388041964657e-12
8.725268588890501547e-12
8.705454756007806068e-12
8.685700663938916638e-12
5.199603652963529908e-12
1.732414859086981168e-12
1.731628974512688007e-12
2.596265345341876112e-12
3.458548322253698855e-12
3.455413297920877897e-12
2.623734356794936389e-12
1.794340750075945757e-12
1.793495364537276106e-12
9.997473987735148798e-13
2.068330452400264820e-13
2.068218018911539693e-13
2.412789859125646526e-13
2.757274274234307894e-13
2.757074443004679294e-13
6.375272584178022299e-13
9.991045467478564766e-13
9.988421313791997465e-13
5.853743699606936911e-13
1.721611359631625615e-13
1.721533400552485190e-13
1.807528218472790345e-12
3.439794685613624415e-12
3.436682225530498559e-12
4.291966883050760838e-12
5.143376144906325226e-12
5.136404608765807470e-12
6.839260830732592424e-12
8.529791878217039920e-12
8.510565475007532643e-12
8.491396613206558464e-12
8.472285078358703087e-12
8.453230656835899232e-12
8.434233136000159883e-12
8.415292304064553783e-12
8.396407950397394644e-12
8.377579865060296313e-12
8.358807839256617760e-12
8.340091664996154428e-12
8.321431135272893209e-12
8.302826043900574752e-12
8.284276185714772721e-12
8.265781356422164357e-12
8.247341352661252325e-12
8.228955971901957590e-12
8.210625012535974351e-12
8.192348273918035377e-12
8.174125556162472423e-12
8.155956660406991526e-12
8.137841388526584838e-12
8.119779543314137109e-12
4.861062557140085871e-12
1.619635115210301059e-12
1.618916468666349456e-12
4.045495614462203649e-12
6.461318338362526455e-12
6.449870708075270618e-12
7.243256264649427448e-12
8.030264877036356041e-12
8.012519499486107972e-12
4.796895715404256007e-12
1.598258752526061747e-12
1.597552681317392729e-12
3.992117561350198314e-12
6.376114142743976466e-12
6.364866614214217702e-12
7.147851114717860971e-12
7.924569873423653010e-12
7.907134079629783994e-12
7.889749226458252714e-12
7.872415128489446981e-12
7.855131601116075045e-12
7.837898460500570644e-12
7.820715523660274837e-12
7.803582608309240937e-12
7.786499533044151440e-12
7.769466117201902397e-12
7.752482180957272119e-12
8.509102299681881480e-12
9.258348969458747611e-12
9.234125399933880606e-12
7.674988316238749367e-12
6.129293068073636044e-12
6.118620236717096340e-12
1.068895115301673846e-11
1.520364808134683713e-11
1.513774773088880550e-11
1.130416982202692364e-11
7.519803536282513276e-12
7.503540730985481506e-12
7.487324630810770019e-12
7.471155068640090825e-12
7.455031878182071590e-12
1.115843234040254312e-11
1.481387776601210286e-11
1.475021145067561758e-11
1.174952659252103314e-11
8.789459718914920377e-12
8.766852035147221986e-12
7.286934635593343621e-12
5.819562653830836802e-12
5.809600314602789631e-12
5.799660626485481383e-12
5.789743525272006653e-12
5.779848946950564799e-12
7.212471034805781925e-12
8.632815931879791648e-12
8.610741887132922852e-12
1.145165705177626052e-11
1.425373885436566616e-11
1.419324947219486174e-11
1.059982556945343365e-11
7.051576703136816550e-12
7.036645163143674901e-12
7.021755611881951136e-12
7.006907902245106798e-12
6.992101887653745273e-12
6.279603680050659526e-12
5.572444534203449612e-12
5.563040270127336142e-12
6.942071357997664512e-12
8.309432561838623794e-12
8.288450144962898174e-12
1.102338411133328051e-11
1.372140032617355953e-11
1.366389262035794818e-11
1.360670478782054067e-11
1.354983461289972743e-11
1.349327989868424481e-11
1.343703846584387943e-11
1.338110815371954512e-11
1.332548681890732909e-11
9.952629252064262482e-12
6.621314752368601898e-12
6.607581298550058152e-12
3.956331405790532845e-12
1.318230216038638523e-12
1.317683598230618214e-12
3.292843204031791560e-12
5.259820091958781128e-12
5.251110268105455234e-12
9.174234303767210564e-12
1.305194102248791832e-11
1.299812952298213389e-11
1.294461248396690151e-11
1.289138789884769870e-11
1.283845377733116889e-11
1.278580814551849919e-11
1.273344904560771445e-11
1.268137453542257377e-11
1.010366615102433000e-11
7.559185478291621498e-12
7.540681739670557802e-12
6.268531793916238841e-12
5.006650483447655665e-12
4.998493234357786716e-12
5.614147844992051303e-12
6.225254876972520356e-12
6.212601977111453570e-12
6.199983235020285243e-12
6.187398535762010768e-12
6.174847764922168615e-12
9.243496212786795976e-12
1.227479577068719837e-11
1.222519772670268541e-11
1.217586569427983103e-11
1.212679789667686731e-11
1.207799257101046972e-11
7.217668781427677612e-12
2.403954036544474297e-12
2.402020548380251328e-12
2.400089126643438669e-12
2.398159768496041839e-12
2.396232471261143625e-12
3.591460848239123733e-12
4.780925834791018558e-12
4.773253604735203636e-12
3.574198297891123309e-12
2.380887956647445540e-12
2.378979084371906558e-12
7.131216737146154627e-12
1.183784231313092484e-11
1.179057558533695371e-11
8.807669533744578115e-12
5.860072351434228020e-12
5.848396019287441543e-12
5.836750590351630522e-12
5.825135962730131146e-12
5.813552034871940936e-12
1.334459702308831069e-11
2.073837068848428294e-11
2.059095220057692988e-11
1.135829074836341719e-11
2.269864776516723009e-12
2.268073284735883417e-12
2.266283671866468601e-12
2.264495935452789751e-12
2.262710073054108299e-12
5.652315205497208038e-12
9.015235141873694350e-12
8.986884954788507573e-12
1.007848479122021777e-11
1.115441115407284850e-11
1.111073438926044751e-11
8.300463494299811920e-12
5.522822236072645900e-12
5.512030246783872941e-12
5.501266270715168394e-12
5.490530217237342282e-12
5.479821996054229645e-12
8.203712275923637312e-12
1.089572685779312973e-11
1.085339047941759515e-11
6.486763491276532378e-12
2.160574993830809454e-12
2.158897224173604192e-12
5.393052964758705944e-12
8.602137208360024389e-12
8.575499770944235142e-12
5.343107416799005833e-12
2.135589234901436496e-12
2.133937203584865159e-12
5.330717176454089524e-12
8.502809913436120608e-12
8.476580343028115897e-12
9.506765496830622060e-12
1.052244478347865588e-11
1.048202424963031916e-11
7.831357389765963516e-12
5.210889773382762236e-12
5.200900142243784949e-12
5.190935952145698610e-12
5.180997122299014368e-12
5.171083572212967860e-12
6.709553788353576062e-12
8.232681723726621485e-12
8.207553462888583521e-12
5.114079409367493293e-12
2.044071576785667962e-12
2.042512971255148236e-12
6.122867835339094557e-12
1.016597217936229791e-11
1.012736056933386017e-11
7.062260564291422146e-12
4.029452457494040024e-12
4.023339801252088092e-12
5.021549332010098973e-12
6.012167993172308926e-12
5.998518109286597081e-12
7.979879188405600866e-12
9.937198757678034426e-12
9.899737210280495882e-12
5.917477899330454995e-12
1.971006150788813951e-12
1.969521157265917878e-12
2.460047063354915523e-12
2.948722762143856701e-12
2.945394051073048083e-12
3.922760444541228338e-12
4.894236458606761691e-12
4.885045364174549823e-12
7.313815801226575592e-12
9.715218764921847881e-12
9.678864872571540504e-12
5.785614959002993046e-12
1.927095703838986501e-12
1.925654522234445382e-12
4.810536932608703391e-12
7.673880261135114591e-12
7.650992539977488882e-12
8.581719913655755351e-12
9.499782451682265584e-12
9.464495666261840348e-12
9.429382915089914231e-12
9.394443128986875945e-12
9.359675246695969662e-12
6.993808660956047292e-12
4.653921720174652611e-12
4.645325493504398022e-12
4.636750362553999198e-12
4.628196262848806749e-12
4.619663130020028592e-12
6.916726350101447630e-12
9.188377787291305327e-12
9.154619471700687256e-12
9.121025845063147794e-12
9.087595906667645461e-12
9.054328662974621824e-12
5.412733876601082711e-12
1.802924267849832610e-12
1.801605194466140589e-12
4.500718509431574912e-12
7.180116148204092848e-12
7.159164278783353682e-12
8.030580314004485303e-12
8.890398592622276115e-12
8.858087052583806672e-12
6.619448588319194790e-12
4.404955917051605655e-12
4.396965425384377440e-12
4.388994192426666984e-12
4.381042160322994435e-12
4.373109271509695369e-12
6.547793202721122243e-12
8.698849781968953553e-12
8.667459945120333811e-12
8.636220521830528670e-12
8.605130614379630272e-12
8.574189331289218840e-12
7.689056208734281859e-12
6.815093387093520428e-12
6.795544979095945943e-12
4.235044406397085492e-12
1.692803540992315186e-12
1.691590476235731232e-12
2.535567850436238253e-12
3.375916418567095514e-12
3.371084913991846709e-12
4.207828247981901503e-12
5.038569459889601052e-12
5.027775851481590980e-12
4.598928549329238964e-12
4.173389397540146923e-12
4.165952321560298432e-12
3.326826284511792821e-12
2.492453764414376341e-12
2.489791601267560333e-12
2.072611014364953987e-12
1.656908704975906501e-12
1.655729714891738911e-12
3.309103679827363256e-12
4.953074677947338923e-12
4.942523802766370657e-12
4.110002323779616766e-12
3.283336877544599250e-12
3.278680691860083461e-12
5.729558242025229538e-12
8.156132525469100412e-12
8.127317835013845773e-12
8.098638335752173184e-12
8.070093237581784503e-12
8.041681755735581835e-12
8.013403111151291244e-12
7.985256529947571472e-12
7.957241243811058531e-12
5.947017367348312699e-12
3.957731412631463907e-12
3.950800755043613542e-12
3.943886225178288837e-12
3.936987776181890944e-12
3.930105361515448529e-12
5.100210615078223100e-12
6.259657265497081389e-12
6.242197230152831367e-12
3.890501180606185809e-12
1.555115781772353985e-12
1.554032096331766593e-12
4.658848244210815616e-12
7.737755120255445035e-12
7.710887782197852254e-12
1.152621651440244204e-11
1.526205263571718050e-11
1.515679081768110973e-11
9.407807570933924118e-12
3.756641658882931220e-12
3.750175123994198553e-12
7.487446762938341624e-12
1.117336946020573841e-11
1.111596363862113619e-11
7.741264524693091215e-12
4.414500987654317637e-12
4.405447005648559787e-12
3.663681415315911428e-12
2.926941217921249585e-12
2.922944573257008350e-12
5.108171568224690561e-12
7.272533321056735319e-12
7.247791124676172928e-12
7.223160731712002091e-12
7.198641512890790913e-12
7.174232842704468386e-12
5.362450575259610276e-12
3.568912879580338997e-12
3.562872334490154586e-12
3.556845376636127195e-12
3.550831967918631636e-12
3.544832070348763353e-12
3.892730210746511433e-12
4.238015602539824582e-12
4.229439568552372651e-12
7.034810992999674441e-12
9.802377452241341414e-12
9.756309220556784813e-12
1.352537889874618204e-11
1.719550894710251869e-11
1.705239023520416580e-11
1.352868093595253955e-11
1.009600615439262724e-11
1.004583534772409340e-11
5.664397470100690146e-12
1.331916678588093556e-12
1.331034729680108273e-12
3.325383893023465356e-12
5.306546457982098043e-12
5.292528106058690840e-12
5.938378826223957216e-12
6.576457978957742245e-12
6.554812418344177032e-12
8.166576868396686577e-12
9.751667140566615562e-12
9.703757111702237404e-12
6.437439727809107304e-12
3.213454252875456953e-12
3.208200091080993363e-12
4.163844551578634171e-12
5.111348208028242831e-12
5.098011100397490408e-12
6.355900290084358785e-12
7.597305287199323657e-12
7.567684605157736632e-12
1.005095640623602392e-11
1.248240550145228616e-11
1.240181346281844032e-11
7.701194957326089738e-12
3.075510893858258474e-12
3.070554450324660536e-12
3.065608623774910691e-12
3.060673385926203319e-12
3.055748708412548238e-12
4.576251844761313185e-12
6.082075514131737052e-12
6.062565488074571756e-12
4.230197022646267450e-12
2.414156412323880639e-12
2.411062664663441970e-12
3.009967734119822810e-12
3.605026993048558231e-12
3.598110398166369725e-12
4.788281920206873436e-12
5.966253695804441042e-12
5.947235953334819126e-12
7.410373431464569984e-12
8.850064509030538076e-12
8.807949135842501863e-12
5.844066589086528181e-12
2.917402969469345388e-12
2.912782397375885633e-12
3.198988707929713568e-12
3.483181611925526123e-12
3.476574072763267200e-12
5.783305321818543860e-12
8.060894256522504949e-12
8.025370492940162155e-12
9.702209194894549229e-12
1.134280149080502775e-11
1.127183468878683123e-11
7.000910739907959442e-12
2.795988542458743853e-12
2.791621877823421528e-12
5.574528556931976338e-12
8.322736914864543816e-12
8.283923237319877744e-12
5.222054956334537396e-12
2.196027753346651385e-12
2.193300038772713072e-12
2.738221035594147810e-12
3.279750657682301813e-12
3.273651196744369152e-12
4.356755750857089651e-12
5.429099255324953717e-12
5.412323053178697421e-12
6.744519659204566794e-12
8.056024668014278085e-12
8.018855244087668519e-12
5.321275709927069315e-12
2.656549993601864212e-12
2.652470481539116165e-12
3.442919086662478735e-12
4.227044275419850882e-12
4.216683561223395963e-12
2.628972872236858395e-12
1.050945027836768287e-12
1.050301431409440978e-12
3.148975077308810291e-12
5.232254203139829018e-12
5.216281726750436809e-12
7.800561055683468157e-12
1.033750341923054678e-11
1.027476924827664252e-11
6.382837769619941183e-12
2.549265398398345964e-12
2.545403486112186855e-12
5.083098702957515291e-12
7.590100255667041320e-12
7.555760354008637920e-12
5.265138754273711842e-12
3.003212318136955374e-12
2.997786987036462778e-12
2.493645570237652069e-12
1.992515800814241451e-12
1.990118986418666758e-12
3.478520509374707979e-12
4.954400683652876641e-12
4.939545833290591268e-12
3.939800133222909478e-12
2.949540631402297090e-12
2.944243845029632636e-12
3.673699629095408546e-12
4.396585675104224633e-12
4.384774153609582820e-12
3.401225957114508679e-12
2.425824680958245495e-12
2.422209430475695040e-12
2.660461477348432602e-12
2.897137282007520290e-12
2.891965262935522646e-12
4.811342530033675360e-12
6.707898497889838494e-12
6.680071848836564902e-12
8.077912505687585333e-12
9.447327328166198145e-12
9.391667809051507105e-12
5.835277269061821635e-12
2.330676277467078891e-12
2.327248366769260560e-12
4.182888886326003242e-12
6.018904507616068291e-12
5.995975184556071179e-12
3.446054946431042685e-12
9.184096038782464930e-13
9.178716415405466085e-13
2.293335245706698042e-12
3.660752431562888859e-12
3.652195161079312615e-12
2.277290298796402988e-12
9.103839873498952783e-13
9.098522686486060570e-13
2.727962888826320368e-12
4.533353078691064497e-12
4.520152670946139895e-12
5.633754179213848566e-12
6.731061883559401304e-12
6.701789079122040248e-12
4.448456915961256135e-12
2.221007168637515378e-12
2.217792082146184534e-12
2.436041502016977582e-12
2.652888783294192224e-12
2.648288382727848124e-12
4.406164313314980853e-12
6.143736995894825119e-12
6.118977402059394532e-12
7.400282586896672239e-12
8.656281542948679111e-12
8.606728519044348843e-12
5.348470081542622387e-12
2.136329115983665837e-12
2.133276014722608148e-12
2.556274457983333062e-12
2.976361102197540886e-12
2.970417832488170974e-12
3.176239649444976354e-12
3.380268929336516051e-12
3.372572282735585221e-12
2.944286564865073558e-12
2.519369364103213385e-12
2.515074292606845239e-12
2.092324130277830415e-12
1.671958306916326202e-12
1.670060180527303606e-12
2.919288609426045161e-12
4.158598172077170460e-12
4.146828524737912557e-12
5.168878935555422251e-12
6.176396457240955498e-12
6.150285862883733523e-12
4.082881269749192772e-12
2.038566553338851428e-12
2.035697852174542993e-12
1.829551066899849835e-12
1.624438166774044893e-12
1.622611455264136543e-12
4.051968688592841500e-12
6.454075084558794433e-12
6.425173471688251315e-12
6.396443777662730655e-12
6.367884728657016405e-12
6.339495061743275723e-12
3.944545953254979413e-12
1.576061066464606861e-12
1.574306354433471490e-12
1.769123520466138097e-12
1.962959680056125099e-12
1.960231612772662783e-12
3.915017174123230150e-12
5.848108929251869901e-12
5.823826969572066372e-12
4.446420531366153096e-12
3.086322379921834785e-12
3.079502757175407634e-12
1.920439479218913489e-12
7.677515976371162214e-13
7.673277151823384321e-13
2.300712432007772352e-12
3.823954737309513378e-12
3.813427452235322704e-12
4.753673360360903061e-12
5.680916077636134692e-12
5.657552655262072082e-12
3.756211259142645275e-12
1.875533283590051001e-12
1.872965622737535962e-12
2.057442899998828521e-12
2.240799849656180660e-12
2.237124572935163198e-12
2.977943082047978969e-12
3.712271603039931169e-12
3.702151193313940527e-12
2.584447219669499875e-12
1.475217677369886712e-12
1.473610704301195215e-12
4.416018177757656741e-12
7.320088037848218643e-12
7.280433647697249935e-12
4.525665338368148848e-12
1.807816635102388260e-12
1.805371542444644666e-12
3.605861695210267933e-12
5.386905153665993936e-12
5.365135443598013532e-12
4.452902186918420327e-12
3.552741309475492059e-12
3.543195118485383284e-12
2.120209814228234959e-12
7.063569366075316740e-13
7.059775397594606847e-13
1.763996034964101219e-12
2.816338467285573477e-12
2.810300550039775518e-12
4.031152274019331284e-12
5.236944732097575586e-12
5.215977049660045801e-12
3.463413941677168321e-12
1.729397842235550892e-12
1.727092808402672990e-12
1.207354302265952598e-12
6.895490492634054409e-13
6.891816150734694722e-13
3.099664985854127668e-12
5.487091198535992586e-12
5.463799160638094923e-12
3.060359148171929242e-12
6.797190739518678811e-13
6.793585917313150321e-13
3.734491001118374790e-12
6.754100231113370604e-12
6.718468691505712384e-12
4.176929261138255969e-12
1.668570025958695708e-12
1.666372205974548814e-12
3.328356471924048266e-12
4.972858027443181688e-12
4.953284393723538284e-12
2.795827443047582853e-12
6.574966221206748070e-13
6.571517338025343427e-13
1.313614172361425800e-12
1.967323755383064725e-12
1.964232727561283543e-12
1.307432105418612619e-12
6.533738002080327376e-13
6.530317860940242069e-13
9.790350151779152271e-13
1.304014343701995956e-12
1.302650567504396893e-12
1.626610860424794650e-12
1.948874129068770887e-12
1.945821600370093851e-12
3.399857002402661906e-12
4.837969282162165365e-12
4.819098437417117392e-12
2.880195242126531292e-12
9.593164956928081431e-13
9.585686871047995924e-13
7.981847116030753308e-13
6.382160413903914902e-13
6.378845427815641633e-13
1.275106546423384157e-12
1.909682510795945974e-12
1.906711365237105548e-12
3.172910612046783792e-12
4.425987664460743259e-12
4.409977898096276289e-12
2.510882910771890418e-12
6.273964620699789808e-13
6.270724193184649879e-13
9.401228987919880332e-13
1.252203252321579237e-12
1.250911082885010920e-12
2.030633616420758825e-12
2.805128472003858634e-12
2.798630488285746093e-12
2.171674180272311659e-12
1.549201257855918472e-12
1.547210083713177534e-12
1.545222313393683102e-12
1.543237939624885243e-12
1.541256955227359696e-12
9.235676117668854405e-13
3.077768475321649817e-13
3.076978514728433588e-13
2.307141617881477045e-12
4.291225977635276042e-12
4.275861153195487337e-12
3.651916665889144101e-12
3.035493798056920223e-12
3.027750083006172845e-12
1.812019578794042144e-12
6.036984565355231785e-13
6.033905958931006237e-13
6.030829440891393801e-13
6.027755009864790283e-13
6.024682663704253050e-13
1.204322480205696271e-12
1.803724228609807235e-12
1.800970342971025625e-12
2.997036748453864193e-12
4.180939069584518430e-12
4.166097130734989545e-12
2.075662608167250122e-12
