0.3 0.01996 0.0051299999468028545 0.0
0.315 0.03788 0.004639999940991402 0.0
0.325 0.05454 0.004819999914616346 0.0
0.335 0.0639 0.005690000019967556 0.0
0.345 0.08552 0.006709999870508909 0.0
0.355 0.10805 0.006899999920278788 0.0
0.365 0.12097 0.007269999943673611 0.0
0.375 0.13737 0.00827999971807003 0.0
0.385 0.16656 0.009100000374019146 0.0
0.395 0.17188 0.008500000461935997 0.0
0.405 0.21923 0.009499999694526196 0.0
0.415 0.2208 0.009929999709129333 0.0
0.425 0.26089 0.011029999703168869 0.0
0.435 0.27425 0.010569999925792217 0.0
0.445 0.31145 0.011939999647438526 0.0
0.455 0.32066 0.011509999632835388 0.0
0.465 0.35802 0.012310000136494637 0.0
0.475 0.40007 0.012600000016391277 0.0
0.485 0.44722 0.013410000130534172 0.0
0.495 0.47373 0.015709999948740005 0.0
0.501 0.47419 0.014519999735057354 0.0
0.503 0.48409 0.0173799991607666 0.0
0.505 0.51187 0.015239999629557133 0.0
0.507 0.49687 0.018769999966025352 0.0
0.509 0.51215 0.021090000867843628 0.0
0.511 0.51889 0.020659999921917915 0.0
0.513 0.55082 0.023590000346302986 0.0
0.515 0.56936 0.01906999945640564 0.0
0.517 0.55127 0.018300000578165054 0.0
0.519 0.57175 0.019260000437498093 0.0
0.521 0.54646 0.020150000229477882 0.0
0.523 0.59188 0.023800000548362732 0.0
0.525 0.63063 0.02280000038444996 0.0
0.527 0.60042 0.020080000162124634 0.0
0.529 0.63604 0.020010000094771385 0.0
0.531 0.62279 0.02556999959051609 0.0
0.533 0.66245 0.0246799997985363 0.0
0.535 0.6807 0.02215000055730343 0.0
0.537 0.69929 0.02101000025868416 0.0
0.539 0.69538 0.02266000024974346 0.0
0.541 0.71875 0.025949999690055847 0.0
0.543 0.76322 0.021040000021457672 0.0
0.545 0.72971 0.02628999948501587 0.0
0.547 0.78741 0.028999999165534973 0.0
0.549 0.78478 0.02353000082075596 0.0
0.551 0.7999 0.025790000334382057 0.0
0.553 0.80795 0.026410000398755074 0.0
0.555 0.83709 0.028370000422000885 0.0
0.557 0.83445 0.030009999871253967 0.0
0.559 0.81611 0.021970000118017197 0.0
0.561 0.87826 0.02305999957025051 0.0
0.563 0.88908 0.030220000073313713 0.0
0.565 0.90453 0.030640000477433205 0.0
0.567 0.88714 0.028790000826120377 0.0
0.569 0.96011 0.029759999364614487 0.0
0.571 0.93175 0.02800000086426735 0.0
0.573 0.93487 0.031690001487731934 0.0
0.575 0.97465 0.025180000811815262 0.0
0.577 1.03662 0.032590001821517944 0.0
0.579 0.986 0.024320000782608986 0.0
0.581 1.04375 0.03187999874353409 0.0
0.583 1.05238 0.029340000823140144 0.0
0.585 1.09225 0.03017999976873398 0.0
0.587 1.11562 0.024790000170469284 0.0
0.589 1.11637 0.033229999244213104 0.0
0.591 1.10732 0.030700000002980232 0.0
0.593 1.17756 0.027400000020861626 0.0
0.595 1.22476 0.02896999940276146 0.0
0.597 1.28594 0.03420000150799751 0.0
0.599 1.30457 0.03824000060558319 0.0
0.59986 1.30741 0.019990000873804092 0.0
0.6 1.30774 0.01923999935388565 0.0
0.601 1.31014 0.0340300016105175 0.0
0.603 1.36104 0.028379999101161957 0.0
0.605 1.41544 0.03034999966621399 0.0
0.607 1.39628 0.036400001496076584 0.0
0.609 1.44296 0.04029000177979469 0.0
0.611 1.48429 0.03367999941110611 0.0
0.6125 1.51113 0.014379999600350857 0.0
0.613 1.52006 0.02305000089108944 0.0
0.615 1.52378 0.040139999240636826 0.0
0.617 1.57654 0.040389999747276306 0.0
0.619 1.61574 0.032749999314546585 0.0
0.621 1.69114 0.023029999807476997 0.0
0.623 1.71284 0.03743999823927879 0.0
0.625 1.71641 0.041450001299381256 0.0
0.627 1.80991 0.04219000041484833 0.0
0.629 1.83342 0.024299999698996544 0.0
0.63 1.88104 0.01860000006854534 0.0
0.631 1.92859 0.03723999857902527 0.0
0.633 1.9545 0.040219999849796295 0.0
0.635 2.02122 0.04650000110268593 0.0
0.637 2.05947 0.03240999951958656 0.0
0.6375 2.04362 0.024320000782608986 0.0
0.639 1.99607 0.045249998569488525 0.0
0.641 2.14326 0.043800000101327896 0.0
0.643 2.21518 0.04405000060796738 0.0
0.645 2.24829 0.03282000124454498 0.0
0.647 2.26354 0.04673000052571297 0.0
0.649 2.43267 0.04864000156521797 0.0
0.651 2.47453 0.04050999879837036 0.0
0.653 2.51655 0.045510001480579376 0.0
0.655 2.56866 0.05406999960541725 0.0
0.657 2.60165 0.049880001693964005 0.0
0.659 2.74702 0.030559999868273735 0.0
0.66 2.71407 0.016690000891685486 0.0
0.661 2.6797 0.0456399992108345 0.0
0.663 2.85659 0.051430001854896545 0.0
0.665 2.93779 0.04896000027656555 0.0
0.667 3.01885 0.020339999347925186 0.0
0.669 3.0434 0.0580499991774559 0.0
0.671 3.14303 0.059780001640319824 0.0
0.673 3.35463 0.05655999854207039 0.0
0.675 3.39357 0.04035000130534172 0.0
0.677 3.45249 0.05976000055670738 0.0
0.679 3.5971 0.06537999957799911 0.0
0.681 3.74162 0.05638999864459038 0.0
0.683 3.74033 0.061409998685121536 0.0
0.685 3.95339 0.07116000354290009 0.0
0.687 4.05615 0.05939999967813492 0.0
0.6875 4.05878 0.04416000097990036 0.0
0.689 4.0667 0.03435000032186508 0.0
0.69 4.16172 0.02652999944984913 0.0
0.691 4.26096 0.060679998248815536 0.0
0.693 4.37931 0.06194999814033508 0.0
0.695 4.54532 0.06967999786138535 0.0
0.697 4.67936 0.041019998490810394 0.0
0.699 4.77467 0.07502999901771545 0.0
0.701 4.83225 0.07336000353097916 0.0
0.703 5.07293 0.06605999916791916 0.0
0.705 5.10438 0.07823999971151352 0.0
0.707 5.33034 0.07641000300645828 0.0
0.709 5.3323 0.08533000200986862 0.0
0.711 5.65051 0.05939999967813492 0.0
0.713 5.7774 0.0846100002527237 0.0
0.715 5.83602 0.09059999883174896 0.0
0.717 6.15487 0.05017000064253807 0.0
0.719 6.22023 0.08070000261068344 0.0
0.72 6.2661 0.032349999994039536 0.0
0.721 6.31281 0.08550000190734863 0.0
0.723 6.61925 0.09610000252723694 0.0
0.725 6.59411 0.04791000112891197 0.0
0.727 6.81976 0.08163999766111374 0.0
0.729 6.9205 0.10107000172138214 0.0
0.731 7.15723 0.043460000306367874 0.0
0.733 7.33926 0.09437000006437302 0.0
0.735 7.45647 0.10801000148057938 0.0
0.737 7.62649 0.09442000091075897 0.0
0.7375 7.66359 0.058729998767375946 0.0
0.739 7.77489 0.06962999701499939 0.0
0.741 8.00112 0.09752999991178513 0.0
0.743 8.08463 0.10621999949216843 0.0
0.745 8.13919 0.04245999827980995 0.0
0.747 8.27496 0.10254000127315521 0.0
0.749 8.48143 0.10382000356912613 0.0
0.74979 8.4902 0.06023000180721283 0.0
0.75 8.49061 0.06267999857664108 0.0
0.7502 8.49035 0.08384999632835388 0.0
0.75026 8.49981 0.06678000092506409 0.0
0.7504 8.52212 0.04531000182032585 0.0
0.751 8.53759 0.0627100020647049 0.0
0.753 8.64191 0.10512000322341919 0.0
0.755 8.89182 0.11528000235557556 0.0
0.757 8.78532 0.10745000094175339 0.0
0.759 8.82132 0.07011000066995621 0.0
0.75979 8.90658 0.04543000087141991 0.0
0.76 9.00623 0.0588500015437603 0.0
0.76018 9.0917 0.08653999865055084 0.0
0.76029 9.02275 0.06421999633312225 0.0
0.7604 8.95407 0.05917999893426895 0.0
0.761 9.02736 0.09155000001192093 0.0
0.763 9.18942 0.08664999902248383 0.0
0.76379 9.18312 0.05349000170826912 0.0
0.764 9.20454 0.050540000200271606 0.0
0.76417 9.22179 0.06295999884605408 0.0
0.76431 9.20239 0.03886000066995621 0.0
0.7644 9.19025 0.034690000116825104 0.0
0.765 9.23096 0.05762999877333641 0.0
0.767 9.53756 0.10083000361919403 0.0
0.769 9.71129 0.09573999792337418 0.0
0.76979 9.7514 0.06759999692440033 0.0
0.77 9.97575 0.0813400000333786 0.0
0.77011 10.09346 0.10903000086545944 0.0
0.7704 9.94844 0.05407999828457832 0.0
0.771 10.08257 0.08619999885559082 0.0
0.773 10.84473 0.3160800039768219 0.0
0.7732 10.90271 0.33302000164985657 0.0
0.77379 11.10562 0.09529999643564224 0.0
0.774 11.13879 0.08760000020265579 0.0
0.77438 11.19869 0.1609800010919571 0.0
0.7744 11.4888 0.10780999809503555 0.0
0.775 11.99639 0.14560000598430634 0.0
0.777 13.41493 0.18875999748706818 0.0
0.77779 14.09137 0.20570999383926392 0.0
0.77786 14.20696 0.19412000477313995 0.0
0.778 14.44516 0.19662000238895416 0.0
0.77811 14.63234 0.22152000665664673 0.0
0.77817 14.87552 0.2894499897956848 0.0
0.7782 14.86716 0.7028399705886841 0.0
0.7784 15.07202 0.23732000589370728 0.0
0.779 15.98989 0.25666001439094543 0.0
0.77979 16.86439 0.3286600112915039 0.0
0.7799 17.17831 0.32778000831604004 0.0
0.78 17.3225 0.2484399974346161 0.0
0.78017 17.56711 0.3657299876213074 0.0
0.7802 17.61109 0.3217700123786926 0.0
0.7804 17.88803 0.3475399911403656 0.0
0.78079 18.55246 0.3686999976634979 0.0
0.781 18.74289 0.3504300117492676 0.0
0.7814 19.02829 0.37803998589515686 0.0
0.78179 19.40652 0.3819499909877777 0.0
0.7818 19.40276 0.38032999634742737 0.0
0.782 19.3074 0.39601001143455505 0.0
0.78213 19.24482 0.45006000995635986 0.0
0.78223 18.89385 0.25242000818252563 0.0
0.7824 19.3141 0.3796600103378296 0.0
0.78279 19.38173 0.3942199945449829 0.0
0.7829 19.33374 0.3927200138568878 0.0
0.783 18.82657 0.41086000204086304 0.0
0.7832 17.82921 0.9452999830245972 0.0
0.78325 17.99187 0.7153599858283997 0.0
0.7834 18.47729 0.36994999647140503 0.0
0.78379 18.07055 0.3795900046825409 0.0
0.784 17.4364 0.25648000836372375 0.0
0.78424 16.71118 0.33417001366615295 0.0
0.7844 16.80562 0.35036998987197876 0.0
0.785 15.48124 0.30726000666618347 0.0
0.7854 14.74805 0.3055799901485443 0.0
0.78579 14.06178 0.29241999983787537 0.0
0.78587 13.70546 0.22440999746322632 0.0
0.786 13.12587 0.2710399925708771 0.0
0.78604 12.94722 0.31716999411582947 0.0
0.78618 13.48717 0.2884399890899658 0.0
0.7864 13.04982 0.25971001386642456 0.0
0.787 12.65467 0.25277000665664673 0.0
0.789 11.66384 0.6043800115585327 0.0
0.7892 11.54138 0.6485099792480469 0.0
0.78979 9.22315 0.1338600069284439 0.0
0.79 9.12047 0.10926000028848648 0.0
0.79009 9.07674 0.14146000146865845 0.0
0.7904 9.01693 0.11490999907255173 0.0
0.7905 8.98307 0.11184000223875046 0.0
0.791 8.8138 0.12577000260353088 0.0
0.793 8.39939 0.3558200001716614 0.0
0.7932 8.36673 0.3801000118255615 0.0
0.79379 7.76188 0.07581000030040741 0.0
0.794 7.63973 0.06487999856472015 0.0
0.79414 7.5582 0.08799000084400177 0.0
0.7944 7.69324 0.07378000020980835 0.0
0.795 7.6656 0.09571000188589096 0.0
0.797 6.99877 0.046629998832941055 0.0
0.799 6.82133 0.08021000027656555 0.0
0.79979 6.68196 0.04864000156521797 0.0
0.8 6.79721 0.06676000356674194 0.0
0.80028 6.69549 0.045419998466968536 0.0
0.8004 6.65283 0.05019000172615051 0.0
0.801 6.61556 0.07613000273704529 0.0
0.803 6.24648 0.04191000014543533 0.0
0.805 6.234 0.0924300029873848 0.0
0.807 5.90947 0.07314000278711319 0.0
0.809 5.63639 0.0319099985063076 0.0
0.80979 5.62344 0.027629999443888664 0.0
0.81 5.63535 0.033080000430345535 0.0
0.81014 5.64328 0.043469998985528946 0.0
0.81025 5.63854 0.04002000018954277 0.0
0.8104 5.63249 0.043880000710487366 0.0
0.811 5.6541 0.06620000302791595 0.0
0.8125 5.3958 0.05643000081181526 0.0
0.813 5.30968 0.07654000073671341 0.0
0.815 5.21886 0.041359998285770416 0.0
0.817 5.02588 0.07586999982595444 0.0
0.819 5.02887 0.056049998849630356 0.0
0.82 4.8872 0.026990000158548355 0.0
0.821 4.7758 0.04152999818325043 0.0
0.823 4.6914 0.07662999629974365 0.0
0.825 4.49925 0.08008000254631042 0.0
0.827 4.43465 0.05194000154733658 0.0
0.829 4.37955 0.07603000104427338 0.0
0.831 4.23669 0.07791999727487564 0.0
0.833 4.0682 0.04526999965310097 0.0
0.835 3.93543 0.07186000049114227 0.0
0.837 3.93359 0.06266000121831894 0.0
0.8375 3.87025 0.04648999869823456 0.0
0.839 3.68023 0.03382999822497368 0.0
0.84 3.69898 0.01761999912559986 0.0
0.841 3.76272 0.06128000095486641 0.0
0.843 3.5812 0.10138999670743942 0.0
0.8432 3.56443 0.1042499989271164 0.0
0.845 3.39228 0.07586000114679337 0.0
0.847 3.44493 0.07785999774932861 0.0
0.849 3.24154 0.05908999964594841 0.0
0.85 3.18187 0.035029999911785126 0.0
0.851 3.12187 0.031849998980760574 0.0
0.853 3.20083 0.06441999971866608 0.0
0.855 2.88861 0.06199999898672104 0.0
0.857 2.91138 0.021929999813437462 0.0
0.859 2.90467 0.05575999990105629 0.0
0.861 2.76663 0.05685000121593475 0.0
0.8625 2.71883 0.02250000089406967 0.0
0.863 2.70291 0.019700000062584877 0.0
0.865 2.66632 0.060270000249147415 0.0
0.867 2.67004 0.04749000072479248 0.0
0.869 2.51464 0.020169999450445175 0.0
0.87 2.50678 0.0333000011742115 0.0
0.871 2.49883 0.058479998260736465 0.0
0.873 2.38501 0.054990001022815704 0.0
0.875 2.32408 0.019260000437498093 0.0
0.877 2.31197 0.04035000130534172 0.0
0.879 2.30167 0.044599998742341995 0.0
0.88 2.20818 0.013770000077784061 0.0
0.881 2.1479 0.034960001707077026 0.0
0.883 2.26898 0.05201999843120575 0.0
0.885 2.04653 0.038520000874996185 0.0
0.887 2.05349 0.03813000023365021 0.0
0.8875 2.04273 0.02954999916255474 0.0
0.889 2.01046 0.041269998997449875 0.0
0.89 1.96044 0.026969999074935913 0.0
0.891 1.91048 0.03077000007033348 0.0
0.893 1.92098 0.06157999858260155 0.0
0.8932 1.9203 0.05996999889612198 0.0
0.895 1.91801 0.055629998445510864 0.0
0.897 1.79496 0.025340000167489052 0.0
0.899 1.85556 0.04413999989628792 0.0
0.901 1.78479 0.04250999912619591 0.0
0.903 1.68986 0.016440000385046005 0.0
0.905 1.73109 0.043529998511075974 0.0
0.907 1.67695 0.039009999483823776 0.0
0.909 1.58 0.02776000089943409 0.0
0.91 1.5983 0.027659999206662178 0.0
0.911 1.61684 0.043800000101327896 0.0
0.913 1.55993 0.03101000003516674 0.0
0.915 1.48515 0.04106999933719635 0.0
0.917 1.51712 0.03420000150799751 0.0
0.919 1.44466 0.009309999644756317 0.0
0.92 1.45894 0.013020000420510769 0.0
0.921 1.51669 0.03474000096321106 0.0
0.923 1.46356 0.04732999950647354 0.0
0.925 1.38725 0.02087000012397766 0.0
0.927 1.38857 0.04162999987602234 0.0
0.929 1.36929 0.034210000187158585 0.0
0.93 1.33252 0.013770000077784061 0.0
0.931 1.29632 0.031289998441934586 0.0
0.933 1.34634 0.040139999240636826 0.0
0.935 1.26913 0.013880000449717045 0.0
0.937 1.21386 0.03508000075817108 0.0
0.939 1.25779 0.025629999116063118 0.0
0.94 1.23582 0.012299999594688416 0.0
0.941 1.20091 0.016380000859498978 0.0
0.943 1.18108 0.03652000054717064 0.0
0.945 1.1175 0.028759999200701714 0.0
0.947 1.1503 0.025750000029802322 0.0
0.949 1.19364 0.024329999461770058 0.0
0.95 1.15936 0.014299999922513962 0.0
0.951 1.1145 0.01119999960064888 0.0
0.953 1.17972 0.03658000007271767 0.0
0.954 1.12595 0.0215000007301569 0.0
0.955 1.07295 0.031120000407099724 0.0
0.956 1.0756 0.015069999732077122 0.0
0.957 1.087 0.013240000233054161 0.0
0.958 1.10179 0.015060000121593475 0.0
0.959 1.10714 0.02538999915122986 0.0
0.96 1.07714 0.017470000311732292 0.0
0.961 1.04719 0.022749999538064003 0.0
0.963 1.04526 0.035590000450611115 0.0
0.965 1.03119 0.03361999988555908 0.0
0.967 1.03376 0.012280000373721123 0.0
0.969 1.03965 0.030319999903440475 0.0
0.97 1.02009 0.015549999661743641 0.0
0.971 1.00062 0.03170999884605408 0.0
0.973 1.0465 0.042319998145103455 0.0
0.975 1.03171 0.03663000091910362 0.0
0.977 1.00962 0.03378000110387802 0.0
0.979 1.02522 0.03432000055909157 0.0
0.98 0.99961 0.02068999968469143 0.0
0.981 0.9634 0.032419998198747635 0.0
0.983 1.00716 0.03962999954819679 0.0
0.984 0.94373 0.03348999843001366 0.0
0.98402 1.00792 0.01907999999821186 0.0
0.9841 1.00778 0.019120000302791595 0.0
0.98411 1.00775 0.019190000370144844 0.0
0.98421 1.00745 0.02070000022649765 0.0
0.985 0.94435 0.08744999766349792 0.0
0.98558 0.96016 0.07872000336647034 0.0
0.987 1.00357 0.06887999922037125 0.0
0.9875 0.98759 0.06185999885201454 0.0
0.989 0.94219 0.05793999880552292 0.0
0.99 0.9781 0.049150001257658005 0.0
0.991 1.01448 0.05657999962568283 0.0
0.9925 0.98705 0.054110001772642136 0.0
0.993 0.97944 0.06027999892830849 0.0
0.994 1.01318 0.03818000108003616 0.0
0.995 1.06203 0.04428999871015549 0.0
0.997 1.14956 0.07136999815702438 0.0
0.9975 1.16847 0.07823999971151352 0.0
0.999 1.2568 0.11023999750614166 0.0
1.0 1.32228 0.1306000053882599 0.0
1.0001 1.3208 0.12451999634504318 0.0
1.0005 1.31485 0.10275000333786011 0.0
1.0015 1.22863 0.08088000118732452 0.0
1.002 1.25184 0.09391999989748001 0.0
1.0025 1.31862 0.06387999653816223 0.0
1.003 1.32259 0.06260000169277191 0.0
1.0035 1.29884 0.04159000143408775 0.0
1.00371 1.38668 0.034449998289346695 0.0
1.00382 1.39132 0.030859999358654022 0.0
1.00391 1.39514 0.0320499986410141 0.0
1.004 1.39789 0.031069999560713768 0.0
1.00407 1.39969 0.03198999911546707 0.0
1.00425 1.53746 0.05270000174641609 0.0
1.0045 1.53789 0.0616299994289875 0.0
1.00464 1.53886 0.07556000351905823 0.0
1.00496 1.57899 0.0740400031208992 0.0
1.005 1.58424 0.07442999631166458 0.0
1.0055 1.64977 0.08780000358819962 0.0
1.0065 1.84362 0.10969000309705734 0.0
1.0075 1.87803 0.13862000405788422 0.0
1.0085 2.08681 0.17420999705791473 0.0
1.00862 2.11044 0.17454999685287476 0.0
1.0095 2.36205 0.1627800017595291 0.0
1.0099 2.4717 0.20214000344276428 0.0
1.01 2.49886 0.21739999949932098 0.0
1.01017 2.65661 0.05956999957561493 0.0
1.01026 2.75622 0.08536999672651291 0.0
1.01027 2.76731 0.09155000001192093 0.0
1.0103 2.72762 0.07199999690055847 0.0
1.01034 2.67413 0.06836000084877014 0.0
1.01047 2.80883 0.133200004696846 0.0
1.0105 2.83832 0.16109000146389008 0.0
1.0107 3.04279 0.3317500054836273 0.0
1.01076 3.10428 0.38589999079704285 0.0
1.01086 3.21043 0.4770900011062622 0.0
1.011 3.30154 0.5937600135803223 0.0
1.0113 3.4236 0.4910300076007843 0.0
1.0115 3.5673 0.42601001262664795 0.0
1.0125 4.63591 0.18754999339580536 0.0
1.01276 4.85621 0.1621599942445755 0.0
1.01296 5.34998 0.5600900053977966 0.0
1.013 5.47457 0.6967599987983704 0.0
1.0135 6.04069 0.3566499948501587 0.0
1.01388 6.79693 0.31172001361846924 0.0
1.0145 8.20861 0.4747300148010254 0.0
1.015 9.34554 0.781440019607544 0.0
1.01507 9.5365 0.6622200012207031 0.0
1.01525 10.24835 0.3557400107383728 0.0
1.01543 10.96326 0.19121000170707703 0.0
1.0155 11.18405 0.1860799938440323 0.0
1.01558 11.58435 0.16801999509334564 0.0
1.01566 11.98546 0.16489000618457794 0.0
1.0157 12.18598 0.16933000087738037 0.0
1.01575 12.43734 0.17976999282836914 0.0
1.01599 14.1541 0.3441599905490875 0.0
1.01611 14.57247 0.14483000338077545 0.0
1.0162 15.13341 0.23241999745368958 0.0
1.01637 16.13699 0.5180299878120422 0.0
1.0165 17.25093 0.3829300105571747 0.0
1.01654 17.66778 0.3528600037097931 0.0
1.01668 19.51184 0.25242000818252563 0.0
1.01673 19.89119 0.20377999544143677 0.0
1.01678 20.27049 0.25499001145362854 0.0
1.01685 20.78095 0.39173999428749084 0.0
1.01694 21.61538 0.8027399778366089 0.0
1.017 22.06614 0.9061800241470337 0.0
1.01709 23.14639 0.5965399742126465 0.0
1.0171 23.25869 0.5591300129890442 0.0
1.01716 23.88835 0.42037999629974365 0.0
1.01716 23.98128 0.4138000011444092 0.0
1.0172 24.88813 0.47960999608039856 0.0
1.01726 26.24761 0.8413100242614746 0.0
1.0175 28.33008 0.37233999371528625 0.0
1.01759 29.47729 0.37229999899864197 0.0
1.01766 30.7438 0.2896600067615509 0.0
1.01772 31.82951 0.3546299934387207 0.0
1.01782 33.22513 0.2791900038719177 0.0
1.018 35.77245 0.3068999946117401 0.0
1.0181 36.98828 0.28894999623298645 0.0
1.01814 37.47453 0.31141000986099243 0.0
1.01815 37.64742 0.3098300099372864 0.0
1.01821 38.68496 0.39414000511169434 0.0
1.01828 39.89091 0.6047199964523315 0.0
1.01832 40.69053 0.7015900015830994 0.0
1.01848 43.73537 1.524839997291565 0.0
1.0185 44.12274 1.3224300146102905 0.0
1.01862 45.75508 0.4639100134372711 0.0
1.01864 45.8387 0.42706000804901123 0.0
1.01868 46.00612 0.3682999908924103 0.0
1.0187 46.08834 0.34887000918388367 0.0
1.01878 46.41527 0.359250009059906 0.0
1.01887 47.1447 0.5020999908447266 0.0
1.01896 47.00013 0.5715799927711487 0.0
1.019 47.19204 0.702210009098053 0.0
1.0191 48.83609 0.5568100214004517 0.0
1.01912 49.13189 0.6936799883842468 0.0
1.01914 49.39189 0.8702399730682373 0.0
1.01921 49.38032 0.7047399878501892 0.0
1.01925 49.34589 0.6340500116348267 0.0
1.0193 49.28344 0.5791900157928467 0.0
1.01942 49.1333 0.6977800130844116 0.0
1.01944 49.20486 0.7132400274276733 0.0
1.01945 49.37341 0.6263300180435181 0.0
1.0195 50.21603 0.3956100046634674 0.0
1.01951 50.2929 0.42092999815940857 0.0
1.01955 49.67462 0.4486300051212311 0.0
1.01962 48.59289 0.8776299953460693 0.0
1.01964 48.28375 1.027590036392212 0.0
1.01965 48.06972 0.992900013923645 0.0
1.01966 47.85567 0.9627599716186523 0.0
1.01968 47.4273 0.9178699851036072 0.0
1.01969 47.39468 0.8363699913024902 0.0
1.01975 47.21256 0.4311400055885315 0.0
1.01979 47.09118 0.4139400124549866 0.0
1.01985 46.36033 0.34523001313209534 0.0
1.0199 45.72681 0.4519200026988983 0.0
1.01995 45.52858 0.592739999294281 0.0
1.02 45.32414 0.8098800182342529 0.0
1.02005 45.00913 0.7122399806976318 0.0
1.02006 44.94644 0.7028700113296509 0.0
1.02013 44.48161 0.7447299957275391 0.0
1.02015 44.14813 0.6998900175094604 0.0
1.02043 39.47974 0.42379000782966614 0.0
1.02045 39.40018 0.42092999815940857 0.0
1.0205 39.20156 0.5638599991798401 0.0
1.02053 39.04798 0.7067000269889832 0.0
1.02058 38.79202 0.9847099781036377 0.0
1.0206 38.69353 1.1029200553894043 0.0
1.02065 35.70305 0.37806999683380127 0.0
1.02076 33.55386 0.5351499915122986 0.0
1.02086 31.85972 0.9019100069999695 0.0
1.02096 32.96867 1.0104000568389893 0.0
1.021 32.42265 0.9685699939727783 0.0
1.02102 32.03818 0.898829996585846 0.0
1.02122 28.13579 0.3360599875450134 0.0
1.02131 26.87975 0.2603699862957001 0.0
1.02141 25.39206 0.3119699954986572 0.0
1.0215 24.59312 0.3167499899864197 0.0
1.02151 24.53442 0.3255299925804138 0.0
1.02154 24.36622 0.3609899878501892 0.0
1.02168 22.22037 0.2534100115299225 0.0
1.02185 21.25185 0.35958999395370483 0.0
1.0219 20.87203 0.3119800090789795 0.0
1.02207 19.57971 0.3059900104999542 0.0
1.02208 19.50153 0.29120001196861267 0.0
1.02223 17.75816 0.3109099864959717 0.0
1.0223 16.85045 0.219650000333786 0.0
1.02232 16.59113 0.22833000123500824 0.0
1.0225 15.54325 0.1916400045156479 0.0
1.0227 14.69146 0.152319997549057 0.0
1.02274 14.52143 0.15423999726772308 0.0
1.02274 14.50587 0.1546200066804886 0.0
1.02282 14.17311 0.15564000606536865 0.0
1.023 13.3859 0.1828099936246872 0.0
1.02325 12.31827 0.1814199984073639 0.0
1.02327 12.2273 0.1843699961900711 0.0
1.0235 11.30355 0.221110001206398 0.0
1.02397 10.05703 0.2333499938249588 0.0
1.0245 8.82508 0.23972000181674957 0.0
1.025 7.70305 0.1544799953699112 0.0
1.02532 6.99301 0.17619000375270844 0.0
1.02535 6.94125 0.18045000731945038 0.0
1.0255 6.70673 0.20276999473571777 0.0
1.0265 5.61215 0.15649999678134918 0.0
1.0275 4.4769 0.08756999671459198 0.0
1.02752 4.46055 0.08640000224113464 0.0
1.0277 4.5096 0.17313000559806824 0.0
1.02774 4.47229 0.14991000294685364 0.0
1.0278 4.41632 0.11811999976634979 0.0
1.02781 4.40746 0.11336000263690948 0.0
1.02796 4.27837 0.08438000082969666 0.0
1.028 4.26381 0.08879999816417694 0.0
1.02823 3.98721 0.06757000088691711 0.0
1.02841 3.87198 0.11892999708652496 0.0
1.0285 3.83147 0.11226999759674072 0.0
1.02909 3.56917 0.08986999839544296 0.0
1.0292 3.52333 0.10075999796390533 0.0
1.0295 3.4058 0.1291700005531311 0.0
1.02995 3.36224 0.08453000336885452 0.0
1.03 3.35737 0.08309999853372574 0.0
1.0305 3.30881 0.1163100004196167 0.0
1.0315 2.72664 0.10769999772310257 0.0
1.0325 2.60369 0.09854000061750412 0.0
1.0335 2.34981 0.04709000140428543 0.0
1.03358 2.32893 0.04328000172972679 0.0
1.0337 2.28462 0.0364300012588501 0.0
1.03372 2.27732 0.036070000380277634 0.0
1.03384 2.23349 0.039250001311302185 0.0
1.03391 2.20584 0.03700999915599823 0.0
1.034 2.19186 0.0408100001513958 0.0
1.0345 2.11549 0.07829000055789948 0.0
1.035 2.10816 0.05787000060081482 0.0
1.0355 2.09586 0.08997000008821487 0.0
1.036 2.03975 0.06533999741077423 0.0
1.0365 1.9601 0.09023000299930573 0.0
1.0375 2.00838 0.08183000236749649 0.0
1.0385 1.70239 0.07412999868392944 0.0
1.03916 1.66787 0.03369000181555748 0.0
1.0395 1.65 0.02806999906897545 0.0
1.03959 1.64254 0.02775000035762787 0.0
1.0396 1.63851 0.026149999350309372 0.0
1.03962 1.63047 0.02508999966084957 0.0
1.03964 1.62243 0.027070000767707825 0.0
1.0398 1.62506 0.023320000618696213 0.0
1.04 1.6283 0.023089999333024025 0.0
1.04003 1.62877 0.023490000516176224 0.0
1.0425 1.52876 0.036479998379945755 0.0
1.044 1.46647 0.0294599998742342 0.0
1.045 1.42505 0.027060000225901604 0.0
1.0475 1.32092 0.019950000569224358 0.0
1.0496 1.24761 0.01834000088274479 0.0
1.0497 1.23889 0.016909999772906303 0.0
1.04971 1.23802 0.016920000314712524 0.0
1.04981 1.22931 0.018449999392032623 0.0
1.04986 1.23671 0.016620000824332237 0.0
1.05 1.25089 0.028610000386834145 0.0
1.05086 1.23972 0.021560000255703926 0.0
1.0525 1.21944 0.02979999966919422 0.0
1.055 1.19052 0.03970000147819519 0.0
1.0575 1.17455 0.053929999470710754 0.0
1.058 1.17863 0.055890001356601715 0.0
1.059 1.06958 0.02230999991297722 0.0
1.05952 1.06189 0.016920000314712524 0.0
1.05958 1.0598 0.015769999474287033 0.0
1.05966 1.05701 0.01686999946832657 0.0
1.05995 1.0717 0.017480000853538513 0.0
1.06 1.0719 0.02116999961435795 0.0
1.061 1.06036 0.02174999937415123 0.0
1.0625 1.04924 0.02759999968111515 0.0
1.065 1.0364 0.02466999925673008 0.0
1.0675 1.01508 0.025439999997615814 0.0
1.07 0.99037 0.019700000062584877 0.0
1.0725 0.97944 0.023019999265670776 0.0
1.075 0.98828 0.021129999309778214 0.0
1.0775 0.99457 0.021929999813437462 0.0
1.08 0.98193 0.016419999301433563 0.0
1.0825 0.96476 0.022700000554323196 0.0
1.083 0.9592 0.021619999781250954 0.0
1.085 0.93666 0.021800000220537186 0.0
1.0875 0.91882 0.02297000028192997 0.0
1.088 0.92118 0.02166000008583069 0.0
1.09 0.93094 0.017720000818371773 0.0
1.0925 0.94418 0.02287999913096428 0.0
1.095 0.94571 0.020649999380111694 0.0
1.0975 0.93342 0.016100000590085983 0.0
1.1 0.91898 0.015850000083446503 0.0
1.103 0.89903 0.01655999943614006 0.0
1.105 0.89012 0.019910000264644623 0.0
1.11 0.8864 0.01819000020623207 0.0
1.1125 0.88313 0.017489999532699585 0.0
1.115 0.87914 0.019940000027418137 0.0
1.12 0.86535 0.012389999814331532 0.0
1.123 0.86301 0.014430000446736813 0.0
1.125 0.86079 0.018309999257326126 0.0
1.127 0.86143 0.01551000028848648 0.0
1.13 0.86241 0.015350000001490116 0.0
1.135 0.87373 0.01816999912261963 0.0
1.1375 0.87925 0.014460000209510326 0.0
1.14 0.8832 0.01396000012755394 0.0
1.142 0.88461 0.014639999717473984 0.0
1.145 0.88649 0.01964999921619892 0.0
1.15 0.89085 0.016839999705553055 0.0
1.155 0.89817 0.01860000006854534 0.0
1.16 0.88878 0.011529999785125256 0.0
1.1625 0.89163 0.01331000030040741 0.0
1.163 0.8918 0.014050000347197056 0.0
1.165 0.89019 0.01761999912559986 0.0
1.17 0.90062 0.014630000106990337 0.0
1.175 0.89843 0.01655000075697899 0.0
1.18 0.90032 0.01193000003695488 0.0
1.183 0.90592 0.014139999635517597 0.0
1.185 0.90842 0.017589999362826347 0.0
1.1875 0.90599 0.014619999565184116 0.0
1.19 0.90692 0.014059999957680702 0.0
1.195 0.91402 0.01616000011563301 0.0
1.2 0.92671 0.011110000312328339 0.0
1.201 0.93581 0.014940000139176846 0.0
1.202 0.94492 0.023669999092817307 0.0
1.204 0.92964 0.015790000557899475 0.0
1.205 0.92316 0.016100000590085983 0.0
1.21 0.93409 0.013930000364780426 0.0
1.2125 0.93919 0.013860000297427177 0.0
1.215 0.94564 0.01558000035583973 0.0
1.224 0.9642 0.013570000417530537 0.0
1.225 0.96626 0.015150000341236591 0.0
1.226 0.96965 0.014089999720454216 0.0
1.23 0.98142 0.014240000396966934 0.0
1.235 0.99987 0.015370000153779984 0.0
1.2375 1.00751 0.012240000069141388 0.0
1.24 1.01675 0.011060000397264957 0.0
1.245 1.02903 0.015479999594390392 0.0
1.246 1.02923 0.0142000000923872 0.0
1.25 1.0212 0.01360000018030405 0.0
1.251 1.02271 0.013249999843537807 0.0
1.255 1.03021 0.015309999696910381 0.0
1.26 1.05618 0.011500000022351742 0.0
1.2625 1.07413 0.012590000405907631 0.0
1.265 1.09007 0.015320000238716602 0.0
1.269 1.10264 0.012570000253617764 0.0
1.27 1.10577 0.012790000066161156 0.0
1.275 1.09977 0.014349999837577343 0.0
1.277 1.10087 0.011800000444054604 0.0
1.28 1.10551 0.010230000130832195 0.0
1.285 1.11471 0.01436999998986721 0.0
1.286 1.11624 0.01351999957114458 0.0
1.2875 1.11848 0.012649999931454659 0.0
1.29 1.12948 0.012240000069141388 0.0
1.295 1.15354 0.013969999738037586 0.0
1.296 1.15929 0.012910000048577785 0.0
1.3 1.18211 0.011500000022351742 0.0
1.305 1.2041 0.014739999547600746 0.0
1.31 1.22591 0.014159999787807465 0.0
1.3125 1.23579 0.014209999702870846 0.0
1.315 1.2392 0.015069999732077122 0.0
1.32 1.22903 0.010850000195205212 0.0
1.325 1.21297 0.013489999808371067 0.0
1.326 1.21714 0.01286999974399805 0.0
1.33 1.23329 0.01396000012755394 0.0
1.335 1.28569 0.014410000294446945 0.0
1.3375 1.29743 0.012550000101327896 0.0
1.34 1.31125 0.012059999629855156 0.0
1.345 1.31423 0.014100000262260437 0.0
1.35 1.34056 0.013749999925494194 0.0
1.354 1.37438 0.013450000435113907 0.0
1.355 1.38198 0.01408000010997057 0.0
1.357 1.3943 0.012729999609291553 0.0
1.36 1.40931 0.012059999629855156 0.0
1.3625 1.42006 0.012649999931454659 0.0
1.364 1.42461 0.013659999705851078 0.0
1.365 1.42851 0.014550000429153442 0.0
1.368 1.4483 0.014299999922513962 0.0
1.37 1.46195 0.01549999974668026 0.0
1.375 1.48668 0.014919999986886978 0.0
1.38 1.49465 0.012790000066161156 0.0
1.385 1.50816 0.01566999964416027 0.0
1.3875 1.51959 0.01592000015079975 0.0
1.39 1.53258 0.016340000554919243 0.0
1.394 1.55352 0.015560000203549862 0.0
1.395 1.5591 0.015690000727772713 0.0
1.4 1.5881 0.016170000657439232 0.0
1.41 1.64855 0.01874000020325184 0.0
1.4125 1.66573 0.017880000174045563 0.0
1.42 1.71178 0.016300000250339508 0.0
1.423 1.73172 0.016510000452399254 0.0
1.425 1.7495 0.017030000686645508 0.0
1.43 1.77817 0.01924999989569187 0.0
1.435 1.79577 0.018710000440478325 0.0
1.4375 1.80615 0.01916000060737133 0.0
1.44 1.82824 0.022849999368190765 0.0
1.443 1.84023 0.02263999916613102 0.0
1.45 1.8704 0.02369000017642975 0.0
1.4625 1.92909 0.021069999784231186 0.0
1.47 1.95703 0.022940000519156456 0.0
1.471 1.96249 0.022619999945163727 0.0
1.475 1.98359 0.021719999611377716 0.0
1.48 2.00976 0.02174999937415123 0.0
1.4875 2.05347 0.024210000410676003 0.0
1.49 2.06536 0.024940000846982002 0.0
1.494 2.0773 0.023560000583529472 0.0
1.5 2.09644 0.0264699999243021 0.0
1.51 2.12328 0.029109999537467957 0.0
1.5125 2.12741 0.02881000004708767 0.0
1.515 2.12989 0.028179999440908432 0.0
1.52 2.14115 0.027820000424981117 0.0
1.522 2.14638 0.0279300007969141 0.0
1.525 2.15129 0.028209999203681946 0.0
1.53 2.16187 0.029479999095201492 0.0
1.5375 2.17062 0.02831999957561493 0.0
1.54 2.17497 0.027950000017881393 0.0
1.543 2.18025 0.027639999985694885 0.0
1.55 2.19381 0.029260000213980675 0.0
1.56 2.24249 0.02761000022292137 0.0
1.5625 2.25498 0.028370000422000885 0.0
1.57 2.2922 0.030489999800920486 0.0
1.572 2.29541 0.030169999226927757 0.0
1.575 2.30532 0.03020000085234642 0.0
1.58 2.31589 0.03067000024020672 0.0
1.5875 2.3351 0.03302000090479851 0.0
1.59 2.34234 0.033730000257492065 0.0
1.594 2.36201 0.03313999995589256 0.0
1.595 2.35551 0.032660000026226044 0.0
1.6 2.38024 0.033720001578330994 0.0
1.61 2.43074 0.035930000245571136 0.0
1.6125 2.44323 0.03585999831557274 0.0
1.62 2.45735 0.0348999984562397 0.0
1.623 2.46184 0.034699998795986176 0.0
1.625 2.46918 0.035009998828172684 0.0
1.63 2.49018 0.03669999912381172 0.0
1.633 2.50101 0.03677999973297119 0.0
1.6375 2.5171 0.03869999945163727 0.0
1.64 2.52991 0.03968000039458275 0.0
1.643 2.54505 0.0408100001513958 0.0
1.65 2.56011 0.043859999626874924 0.0
1.66 2.56836 0.03897000104188919 0.0
1.6625 2.57024 0.03939000144600868 0.0
1.669 2.5649 0.040780000388622284 0.0
1.67 2.56298 0.0408799983561039 0.0
1.674 2.54713 0.04131999984383583 0.0
1.675 2.5457 0.041689999401569366 0.0
1.68 2.53575 0.044270001351833344 0.0
1.6875 2.50651 0.044829998165369034 0.0
1.69 2.50061 0.045499999076128006 0.0
1.693 2.49694 0.04526999965310097 0.0
1.7 2.45453 0.04487999901175499 0.0
1.71 2.41291 0.05025999993085861 0.0
1.7125 2.40624 0.0500900000333786 0.0
1.716 2.39055 0.04910999909043312 0.0
1.72 2.40085 0.04944000020623207 0.0
1.723 2.41006 0.05104999989271164 0.0
1.725 2.4036 0.05129000172019005 0.0
1.73 2.38628 0.04899999871850014 0.0
1.7375 2.33575 0.04568000137805939 0.0
1.74 2.32399 0.04546000063419342 0.0
1.742 2.31662 0.04554999992251396 0.0
1.75 2.29808 0.04811999946832657 0.0
1.758 2.28687 0.05065999925136566 0.0
1.76 2.28551 0.05195000022649765 0.0
1.7625 2.28308 0.05372999981045723 0.0
1.77 2.26419 0.05933000147342682 0.0
1.774 2.25317 0.061980001628398895 0.0
1.775 2.25061 0.06265000253915787 0.0
1.78 2.24035 0.05626999959349632 0.0
1.7875 2.21986 0.05260000005364418 0.0
1.79 2.21694 0.05276000127196312 0.0
1.793 2.21428 0.052400000393390656 0.0
1.798 2.19654 0.05297999829053879 0.0
1.8 2.19352 0.054510001093149185 0.0
1.81 2.17669 0.06652999669313431 0.0
1.8125 2.17245 0.06985999643802643 0.0
1.82 2.15343 0.05683000013232231 0.0
1.825 2.13756 0.05706999823451042 0.0
1.826 2.1342 0.05795000120997429 0.0
1.83 2.12864 0.06366000324487686 0.0
1.8375 2.12606 0.08070000261068344 0.0
1.84 2.11843 0.07394000142812729 0.0
1.841 2.226 0.13904562055842817 0.0
1.849 2.06677 0.05891000106930733 0.0
1.85 2.0629 0.05860999971628189 0.0
1.86 2.02198 0.0663599967956543 0.0
1.8625 2.01146 0.0725099965929985 0.0
1.87 1.99885 0.06137000024318695 0.0
1.871 1.99919 0.06222999840974808 0.0
1.874 2.01401 0.06859999895095825 0.0
1.875 2.01363 0.07175000011920929 0.0
1.877 2.01386 0.07919999957084656 0.0
1.88 2.01467 0.09286999702453613 0.0
1.8875 2.01824 0.13362999260425568 0.0
1.889 2.04875 0.1254200041294098 0.0
1.89 2.07496 0.120619997382164 0.0
1.893 2.06603 0.10417000204324722 0.0
1.9 2.04352 0.07269000262022018 0.0
1.901 2.03956 0.06926999986171722 0.0
1.903 2.03977 0.06334999948740005 0.0
1.9075 2.01529 0.059539999812841415 0.0
1.91 2.00125 0.06362000107765198 0.0
1.9125 1.99767 0.07018999755382538 0.0
1.913 1.99986 0.06919000297784805 0.0
1.92 2.03141 0.06072999909520149 0.0
1.925 2.05997 0.059939999133348465 0.0
1.926 2.06564 0.06032999977469444 0.0
1.927 2.08043 0.06134999915957451 0.0
1.93 2.09977 0.0644799992442131 0.0
1.937 2.141 0.08101386387736172 0.0
