0.000000000000000000e+00
0.000000000000000000e+00
0.000000000000000000e+00
0.000000000000000000e+00
0.000000000000000000e+00
0.000000000000000000e+00
0.000000000000000000e+00
4.900000000000000000e+01
2.710000000000000000e+02
1.188000000000000000e+03
2.790000000000000000e+02
1.062000000000000000e+03
1.020000000000000000e+03
4.492000000000000000e+03
5.672000000000000000e+03
1.943400000000000000e+04
2.692900000000000000e+04
2.086500000000000000e+04
1.228300000000000000e+04
1.459800000000000000e+04
5.482000000000000000e+03
7.668000000000000000e+03
7.980000000000000000e+03
1.146300000000000000e+04
1.610300000000000000e+04
3.109100000000000000e+04
1.731900000000000000e+04
6.754000000000000000e+03
9.039000000000000000e+03
1.391200000000000000e+04
3.009700000000000000e+04
2.601600000000000000e+04
7.846000000000000000e+03
1.158200000000000000e+04
6.755000000000000000e+03
1.103500000000000000e+04
6.462000000000000000e+03
3.211000000000000000e+03
1.542000000000000000e+03
2.302000000000000000e+03
2.614000000000000000e+03
7.470000000000000000e+02
1.674000000000000000e+03
1.113000000000000000e+03
1.384000000000000000e+03
1.583000000000000000e+03
2.108000000000000000e+03
3.255000000000000000e+03
4.659000000000000000e+03
8.653000000000000000e+03
6.513000000000000000e+03
7.219000000000000000e+03
7.893000000000000000e+03
1.422100000000000000e+04
1.159000000000000000e+04
1.586000000000000000e+04
2.235600000000000000e+04
2.463100000000000000e+04
1.959900000000000000e+04
3.577400000000000000e+04
2.756100000000000000e+04
2.761700000000000000e+04
1.541600000000000000e+04
1.473700000000000000e+04
2.071800000000000000e+04
4.400200000000000000e+04
2.556400000000000000e+04
6.068000000000000000e+03
4.900000000000000000e+02
5.500000000000000000e+01
5.000000000000000000e+00
1.800000000000000000e+01
1.060000000000000000e+02
9.400000000000000000e+01
1.080000000000000000e+02
1.080000000000000000e+02
1.710000000000000000e+02
1.120000000000000000e+02
2.500000000000000000e+01
3.120000000000000000e+02
3.130000000000000000e+02
3.700000000000000000e+02
5.290000000000000000e+02
2.080000000000000000e+02
3.520000000000000000e+02
5.600000000000000000e+02
4.400000000000000000e+02
1.960000000000000000e+02
5.300000000000000000e+01
1.360000000000000000e+02
1.670000000000000000e+02
1.540000000000000000e+02
5.100000000000000000e+01
5.000000000000000000e+02
4.520000000000000000e+02
4.560000000000000000e+02
3.080000000000000000e+02
2.340000000000000000e+02
8.820000000000000000e+02
9.300000000000000000e+01
6.000000000000000000e+00
3.700000000000000000e+01
2.300000000000000000e+01
2.900000000000000000e+01
6.000000000000000000e+00
7.000000000000000000e+00
2.800000000000000000e+01
3.800000000000000000e+01
1.900000000000000000e+01
1.000000000000000000e+00
2.000000000000000000e+00
1.100000000000000000e+01
0.000000000000000000e+00
0.000000000000000000e+00
0.000000000000000000e+00
0.000000000000000000e+00
0.000000000000000000e+00
1.000000000000000000e+00
0.000000000000000000e+00
0.000000000000000000e+00
0.000000000000000000e+00
0.000000000000000000e+00
1.000000000000000000e+00
0.000000000000000000e+00
0.000000000000000000e+00
0.000000000000000000e+00
0.000000000000000000e+00
0.000000000000000000e+00
0.000000000000000000e+00
0.000000000000000000e+00
0.000000000000000000e+00
0.000000000000000000e+00
0.000000000000000000e+00
0.000000000000000000e+00
0.000000000000000000e+00
0.000000000000000000e+00
0.000000000000000000e+00
0.000000000000000000e+00
0.000000000000000000e+00
0.000000000000000000e+00
0.000000000000000000e+00
1.000000000000000000e+00
0.000000000000000000e+00
0.000000000000000000e+00
0.000000000000000000e+00
0.000000000000000000e+00
0.000000000000000000e+00
0.000000000000000000e+00
0.000000000000000000e+00
0.000000000000000000e+00
0.000000000000000000e+00
0.000000000000000000e+00
1.000000000000000000e+00
0.000000000000000000e+00
0.000000000000000000e+00
0.000000000000000000e+00
0.000000000000000000e+00
0.000000000000000000e+00
0.000000000000000000e+00
0.000000000000000000e+00
1.000000000000000000e+00
0.000000000000000000e+00
2.300000000000000000e+01
4.200000000000000000e+01
2.000000000000000000e+00
0.000000000000000000e+00
0.000000000000000000e+00
0.000000000000000000e+00
0.000000000000000000e+00
2.000000000000000000e+00
3.270000000000000000e+02
2.840000000000000000e+02
6.400000000000000000e+01
1.820000000000000000e+02
1.470000000000000000e+02
1.050000000000000000e+02
4.816000000000000000e+03
2.961840000000000000e+05
4.053100000000000000e+05
2.839700000000000000e+04
1.604000000000000000e+03
0.000000000000000000e+00
0.000000000000000000e+00
0.000000000000000000e+00
1.800000000000000000e+02
2.200000000000000000e+01
1.100000000000000000e+01
0.000000000000000000e+00
2.000000000000000000e+00
0.000000000000000000e+00
2.000000000000000000e+00
5.100000000000000000e+01
1.000000000000000000e+00
0.000000000000000000e+00
0.000000000000000000e+00
0.000000000000000000e+00
0.000000000000000000e+00
0.000000000000000000e+00
0.000000000000000000e+00
1.000000000000000000e+00
0.000000000000000000e+00
0.000000000000000000e+00
0.000000000000000000e+00
0.000000000000000000e+00
0.000000000000000000e+00
0.000000000000000000e+00
0.000000000000000000e+00
0.000000000000000000e+00
0.000000000000000000e+00
4.000000000000000000e+00
0.000000000000000000e+00
4.000000000000000000e+00
0.000000000000000000e+00
0.000000000000000000e+00
0.000000000000000000e+00
0.000000000000000000e+00
0.000000000000000000e+00
0.000000000000000000e+00
0.000000000000000000e+00
0.000000000000000000e+00
0.000000000000000000e+00
0.000000000000000000e+00
0.000000000000000000e+00
0.000000000000000000e+00
0.000000000000000000e+00
0.000000000000000000e+00
0.000000000000000000e+00
2.000000000000000000e+00
0.000000000000000000e+00
0.000000000000000000e+00
0.000000000000000000e+00
0.000000000000000000e+00
0.000000000000000000e+00
0.000000000000000000e+00
4.000000000000000000e+01
4.890000000000000000e+02
1.806490000000000000e+05
2.640000000000000000e+02
2.000000000000000000e+00
1.190000000000000000e+02
4.000000000000000000e+00
1.000000000000000000e+01
4.400000000000000000e+02
5.700000000000000000e+01
3.690000000000000000e+02
4.100000000000000000e+01
6.000000000000000000e+00
4.300000000000000000e+01
6.800000000000000000e+01
2.981040000000000000e+05
1.552700000000000000e+04
3.310000000000000000e+02
8.000000000000000000e+00
2.900000000000000000e+01
3.500000000000000000e+01
2.679000000000000000e+03
1.491540000000000000e+05
2.866600000000000000e+04
9.033800000000000000e+04
1.681300000000000000e+04
2.354000000000000000e+03
1.640000000000000000e+02
7.500000000000000000e+01
7.700000000000000000e+01
1.320000000000000000e+02
1.495000000000000000e+03
1.009120000000000000e+05
6.466000000000000000e+03
1.677400000000000000e+04
4.561000000000000000e+03
1.784000000000000000e+03
8.950000000000000000e+02
7.020000000000000000e+02
1.338000000000000000e+03
7.760000000000000000e+02
3.480000000000000000e+02
1.350000000000000000e+02
2.150000000000000000e+02
9.800000000000000000e+01
2.400000000000000000e+01
2.900000000000000000e+01
9.000000000000000000e+00
3.300000000000000000e+01
1.100000000000000000e+01
0.000000000000000000e+00
4.800000000000000000e+01
0.000000000000000000e+00
1.140000000000000000e+02
8.000000000000000000e+01
5.170000000000000000e+02
1.010000000000000000e+02
1.120000000000000000e+02
1.490000000000000000e+02
4.860000000000000000e+02
2.980000000000000000e+02
1.030000000000000000e+02
1.440000000000000000e+02
7.700000000000000000e+01
2.000000000000000000e+00
1.100000000000000000e+01
2.700000000000000000e+01
3.700000000000000000e+01
1.000000000000000000e+01
1.100000000000000000e+01
7.300000000000000000e+01
9.000000000000000000e+00
2.200000000000000000e+01
9.000000000000000000e+00
5.000000000000000000e+00
2.000000000000000000e+00
6.000000000000000000e+00
4.600000000000000000e+01
1.000000000000000000e+00
0.000000000000000000e+00
2.000000000000000000e+00
8.000000000000000000e+00
5.000000000000000000e+00
3.000000000000000000e+00
0.000000000000000000e+00
1.500000000000000000e+01
2.000000000000000000e+00
8.000000000000000000e+00
1.900000000000000000e+01
1.300000000000000000e+01
2.000000000000000000e+00
5.000000000000000000e+00
1.100000000000000000e+01
0.000000000000000000e+00
0.000000000000000000e+00
0.000000000000000000e+00
0.000000000000000000e+00
0.000000000000000000e+00
1.000000000000000000e+00
0.000000000000000000e+00
4.000000000000000000e+00
0.000000000000000000e+00
1.000000000000000000e+00
0.000000000000000000e+00
2.000000000000000000e+00
0.000000000000000000e+00
2.000000000000000000e+00
0.000000000000000000e+00
0.000000000000000000e+00
1.000000000000000000e+00
0.000000000000000000e+00
0.000000000000000000e+00
0.000000000000000000e+00
0.000000000000000000e+00
0.000000000000000000e+00
4.000000000000000000e+00
2.000000000000000000e+00
0.000000000000000000e+00
0.000000000000000000e+00
2.000000000000000000e+00
1.000000000000000000e+00
3.000000000000000000e+00
0.000000000000000000e+00
0.000000000000000000e+00
0.000000000000000000e+00
1.000000000000000000e+00
0.000000000000000000e+00
0.000000000000000000e+00
0.000000000000000000e+00
0.000000000000000000e+00
2.000000000000000000e+00
2.000000000000000000e+00
1.000000000000000000e+00
3.000000000000000000e+00
1.000000000000000000e+00
1.000000000000000000e+00
2.200000000000000000e+01
1.200000000000000000e+01
2.000000000000000000e+00
1.900000000000000000e+01
8.100000000000000000e+01
2.900000000000000000e+01
4.000000000000000000e+00
0.000000000000000000e+00
0.000000000000000000e+00
2.000000000000000000e+00
1.600000000000000000e+02
7.800000000000000000e+01
5.310000000000000000e+02
2.940000000000000000e+02
2.121000000000000000e+03
1.735000000000000000e+03
4.071000000000000000e+03
1.352500000000000000e+04
7.285000000000000000e+03
2.638900000000000000e+04
5.255300000000000000e+04
2.407640000000000000e+05
2.688500000000000000e+04
9.998700000000000000e+04
4.432600000000000000e+04
1.882000000000000000e+03
4.655000000000000000e+03
1.508800000000000000e+04
1.089000000000000000e+04
1.539100000000000000e+04
2.438300000000000000e+04
4.793700000000000000e+04
2.794500000000000000e+04
4.943000000000000000e+03
2.851000000000000000e+03
3.022000000000000000e+03
2.635000000000000000e+03
4.924100000000000000e+04
4.129000000000000000e+03
6.270000000000000000e+02
6.920000000000000000e+02
1.700000000000000000e+01
2.090000000000000000e+02
4.150000000000000000e+02
1.760000000000000000e+02
3.570000000000000000e+02
5.100000000000000000e+01
1.683000000000000000e+03
1.345000000000000000e+03
3.200000000000000000e+02
8.180000000000000000e+02
1.150000000000000000e+02
2.000000000000000000e+00
1.000000000000000000e+01
7.200000000000000000e+01
5.110000000000000000e+02
1.430000000000000000e+02
3.966000000000000000e+03
1.249000000000000000e+03
3.607000000000000000e+03
7.635000000000000000e+03
3.155800000000000000e+04
2.844600000000000000e+04
5.664940000000000000e+05
1.757000000000000000e+03
3.797000000000000000e+03
8.390000000000000000e+02
2.399900000000000000e+04
1.753900000000000000e+04
2.525600000000000000e+04
1.319100000000000000e+04
1.044000000000000000e+03
1.814000000000000000e+03
5.250000000000000000e+02
1.500000000000000000e+01
8.000000000000000000e+00
2.700000000000000000e+01
3.400000000000000000e+01
7.000000000000000000e+00
4.900000000000000000e+01
1.100000000000000000e+01
3.000000000000000000e+00
2.000000000000000000e+00
3.600000000000000000e+01
1.000000000000000000e+00
4.300000000000000000e+01
0.000000000000000000e+00
0.000000000000000000e+00
0.000000000000000000e+00
0.000000000000000000e+00
0.000000000000000000e+00
0.000000000000000000e+00
0.000000000000000000e+00
0.000000000000000000e+00
0.000000000000000000e+00
0.000000000000000000e+00
0.000000000000000000e+00
0.000000000000000000e+00
0.000000000000000000e+00
0.000000000000000000e+00
0.000000000000000000e+00
0.000000000000000000e+00
0.000000000000000000e+00
0.000000000000000000e+00
0.000000000000000000e+00
0.000000000000000000e+00
0.000000000000000000e+00
0.000000000000000000e+00
0.000000000000000000e+00
6.000000000000000000e+00
0.000000000000000000e+00
0.000000000000000000e+00
0.000000000000000000e+00
0.000000000000000000e+00
8.000000000000000000e+00
0.000000000000000000e+00
0.000000000000000000e+00
0.000000000000000000e+00
0.000000000000000000e+00
0.000000000000000000e+00
0.000000000000000000e+00
0.000000000000000000e+00
0.000000000000000000e+00
0.000000000000000000e+00
0.000000000000000000e+00
0.000000000000000000e+00
0.000000000000000000e+00
0.000000000000000000e+00
1.000000000000000000e+00
0.000000000000000000e+00
0.000000000000000000e+00
0.000000000000000000e+00
0.000000000000000000e+00
0.000000000000000000e+00
0.000000000000000000e+00
0.000000000000000000e+00
0.000000000000000000e+00
0.000000000000000000e+00
0.000000000000000000e+00
0.000000000000000000e+00
0.000000000000000000e+00
0.000000000000000000e+00
0.000000000000000000e+00
1.000000000000000000e+00
0.000000000000000000e+00
0.000000000000000000e+00
0.000000000000000000e+00
0.000000000000000000e+00
0.000000000000000000e+00
0.000000000000000000e+00
0.000000000000000000e+00
0.000000000000000000e+00
0.000000000000000000e+00
0.000000000000000000e+00
0.000000000000000000e+00
0.000000000000000000e+00
0.000000000000000000e+00
0.000000000000000000e+00
0.000000000000000000e+00
0.000000000000000000e+00
0.000000000000000000e+00
0.000000000000000000e+00
0.000000000000000000e+00
0.000000000000000000e+00
0.000000000000000000e+00
0.000000000000000000e+00
0.000000000000000000e+00
0.000000000000000000e+00
0.000000000000000000e+00
0.000000000000000000e+00
1.196000000000000000e+03
1.948000000000000000e+03
2.720000000000000000e+02
8.643000000000000000e+03
1.570000000000000000e+03
5.500000000000000000e+01
0.000000000000000000e+00
1.730000000000000000e+02
1.188000000000000000e+03
3.502000000000000000e+03
1.030000000000000000e+02
6.145000000000000000e+03
1.440300000000000000e+04
1.717800000000000000e+04
2.349100000000000000e+04
1.661400000000000000e+04
3.660000000000000000e+02
3.006000000000000000e+03
7.247600000000000000e+04
4.070740000000000000e+05
1.760000000000000000e+02
1.911000000000000000e+03
1.480000000000000000e+02
2.230000000000000000e+02
5.900000000000000000e+01
1.836000000000000000e+03
7.290000000000000000e+02
7.223100000000000000e+04
3.114000000000000000e+04
6.768000000000000000e+03
4.224300000000000000e+04
4.910000000000000000e+02
6.490000000000000000e+02
3.320000000000000000e+02
1.000000000000000000e+00
1.870000000000000000e+02
3.625000000000000000e+04
1.213700000000000000e+04
1.207100000000000000e+04
2.960000000000000000e+02
6.020000000000000000e+02
1.240000000000000000e+02
1.025000000000000000e+03
6.130000000000000000e+02
8.310000000000000000e+02
4.368000000000000000e+03
2.623000000000000000e+03
1.017000000000000000e+03
7.980000000000000000e+02
9.430000000000000000e+02
3.023000000000000000e+03
1.976620000000000000e+05
2.241700000000000000e+04
2.527000000000000000e+03
3.100000000000000000e+02
1.000000000000000000e+01
2.900000000000000000e+01
1.300000000000000000e+01
1.930000000000000000e+02
2.680000000000000000e+02
2.500000000000000000e+01
8.240000000000000000e+03
1.182000000000000000e+03
1.480000000000000000e+02
1.460000000000000000e+03
1.086000000000000000e+03
4.000000000000000000e+00
0.000000000000000000e+00
1.000000000000000000e+00
5.000000000000000000e+00
1.900000000000000000e+01
4.900000000000000000e+01
3.280000000000000000e+02
2.677900000000000000e+04
1.342450000000000000e+05
4.678100000000000000e+04
4.149610000000000000e+05
2.588300000000000000e+04
1.428000000000000000e+03
1.369000000000000000e+03
4.605000000000000000e+03
5.840000000000000000e+02
1.587400000000000000e+04
1.867300000000000000e+04
2.208600000000000000e+04
1.088200000000000000e+04
5.508000000000000000e+03
2.321000000000000000e+03
1.605000000000000000e+03
5.790000000000000000e+02
4.860000000000000000e+02
6.530000000000000000e+02
7.700000000000000000e+01
4.040000000000000000e+02
3.250000000000000000e+02
3.700000000000000000e+01
2.350000000000000000e+02
2.390000000000000000e+02
1.120000000000000000e+02
1.090000000000000000e+02
8.300000000000000000e+01
1.080000000000000000e+02
5.000000000000000000e+01
1.090000000000000000e+02
2.900000000000000000e+01
1.900000000000000000e+01
4.700000000000000000e+01
0.000000000000000000e+00
1.000000000000000000e+00
1.400000000000000000e+01
1.000000000000000000e+00
0.000000000000000000e+00
0.000000000000000000e+00
0.000000000000000000e+00
0.000000000000000000e+00
0.000000000000000000e+00
0.000000000000000000e+00
0.000000000000000000e+00
0.000000000000000000e+00
0.000000000000000000e+00
0.000000000000000000e+00
0.000000000000000000e+00
0.000000000000000000e+00
0.000000000000000000e+00
0.000000000000000000e+00
0.000000000000000000e+00
0.000000000000000000e+00
0.000000000000000000e+00
0.000000000000000000e+00
0.000000000000000000e+00
0.000000000000000000e+00
0.000000000000000000e+00
0.000000000000000000e+00
0.000000000000000000e+00
0.000000000000000000e+00
0.000000000000000000e+00
0.000000000000000000e+00
0.000000000000000000e+00
0.000000000000000000e+00
0.000000000000000000e+00
0.000000000000000000e+00
0.000000000000000000e+00
0.000000000000000000e+00
0.000000000000000000e+00
0.000000000000000000e+00
0.000000000000000000e+00
0.000000000000000000e+00
0.000000000000000000e+00
0.000000000000000000e+00
0.000000000000000000e+00
0.000000000000000000e+00
0.000000000000000000e+00
0.000000000000000000e+00
0.000000000000000000e+00
0.000000000000000000e+00
0.000000000000000000e+00
0.000000000000000000e+00
0.000000000000000000e+00
0.000000000000000000e+00
0.000000000000000000e+00
0.000000000000000000e+00
0.000000000000000000e+00
0.000000000000000000e+00
0.000000000000000000e+00
0.000000000000000000e+00
0.000000000000000000e+00
0.000000000000000000e+00
0.000000000000000000e+00
0.000000000000000000e+00
8.000000000000000000e+00
6.000000000000000000e+00
0.000000000000000000e+00
0.000000000000000000e+00
0.000000000000000000e+00
0.000000000000000000e+00
0.000000000000000000e+00
0.000000000000000000e+00
0.000000000000000000e+00
0.000000000000000000e+00
0.000000000000000000e+00
0.000000000000000000e+00
0.000000000000000000e+00
0.000000000000000000e+00
0.000000000000000000e+00
0.000000000000000000e+00
0.000000000000000000e+00
0.000000000000000000e+00
0.000000000000000000e+00
0.000000000000000000e+00
0.000000000000000000e+00
0.000000000000000000e+00
0.000000000000000000e+00
0.000000000000000000e+00
0.000000000000000000e+00
0.000000000000000000e+00
0.000000000000000000e+00
0.000000000000000000e+00
0.000000000000000000e+00
0.000000000000000000e+00
0.000000000000000000e+00
0.000000000000000000e+00
0.000000000000000000e+00
0.000000000000000000e+00
0.000000000000000000e+00
0.000000000000000000e+00
0.000000000000000000e+00
0.000000000000000000e+00
0.000000000000000000e+00
0.000000000000000000e+00
0.000000000000000000e+00
0.000000000000000000e+00
0.000000000000000000e+00
0.000000000000000000e+00
0.000000000000000000e+00
0.000000000000000000e+00
0.000000000000000000e+00
0.000000000000000000e+00
0.000000000000000000e+00
0.000000000000000000e+00
0.000000000000000000e+00
0.000000000000000000e+00
0.000000000000000000e+00
0.000000000000000000e+00
0.000000000000000000e+00
0.000000000000000000e+00
0.000000000000000000e+00
0.000000000000000000e+00
0.000000000000000000e+00
0.000000000000000000e+00
0.000000000000000000e+00
0.000000000000000000e+00
0.000000000000000000e+00
0.000000000000000000e+00
0.000000000000000000e+00
0.000000000000000000e+00
0.000000000000000000e+00
0.000000000000000000e+00
0.000000000000000000e+00
0.000000000000000000e+00
0.000000000000000000e+00
0.000000000000000000e+00
0.000000000000000000e+00
0.000000000000000000e+00
0.000000000000000000e+00
0.000000000000000000e+00
0.000000000000000000e+00
0.000000000000000000e+00
0.000000000000000000e+00
0.000000000000000000e+00
0.000000000000000000e+00
0.000000000000000000e+00
0.000000000000000000e+00
0.000000000000000000e+00
0.000000000000000000e+00
0.000000000000000000e+00
0.000000000000000000e+00
0.000000000000000000e+00
0.000000000000000000e+00
0.000000000000000000e+00
0.000000000000000000e+00
0.000000000000000000e+00
0.000000000000000000e+00
0.000000000000000000e+00
0.000000000000000000e+00
0.000000000000000000e+00
0.000000000000000000e+00
0.000000000000000000e+00
0.000000000000000000e+00
0.000000000000000000e+00
0.000000000000000000e+00
0.000000000000000000e+00
0.000000000000000000e+00
0.000000000000000000e+00
0.000000000000000000e+00
0.000000000000000000e+00
0.000000000000000000e+00
0.000000000000000000e+00
0.000000000000000000e+00
0.000000000000000000e+00
0.000000000000000000e+00
0.000000000000000000e+00
0.000000000000000000e+00
0.000000000000000000e+00
0.000000000000000000e+00
0.000000000000000000e+00
0.000000000000000000e+00
0.000000000000000000e+00
0.000000000000000000e+00
0.000000000000000000e+00
0.000000000000000000e+00
0.000000000000000000e+00
0.000000000000000000e+00
0.000000000000000000e+00
0.000000000000000000e+00
0.000000000000000000e+00
0.000000000000000000e+00
0.000000000000000000e+00
0.000000000000000000e+00
0.000000000000000000e+00
0.000000000000000000e+00
0.000000000000000000e+00
0.000000000000000000e+00
0.000000000000000000e+00
0.000000000000000000e+00
0.000000000000000000e+00
0.000000000000000000e+00
0.000000000000000000e+00
0.000000000000000000e+00
0.000000000000000000e+00
0.000000000000000000e+00
0.000000000000000000e+00
0.000000000000000000e+00
0.000000000000000000e+00
0.000000000000000000e+00
0.000000000000000000e+00
0.000000000000000000e+00
0.000000000000000000e+00
0.000000000000000000e+00
