1.974343016341331344e-02
2.573402854714873511e-02
3.197978067112629275e-02
3.857470480235601629e-02
4.319057652304748862e-02
4.790405645377104893e-02
5.261572673637043146e-02
5.728059781787806642e-02
6.207140916735522096e-02
6.721535553015703379e-02
7.287547917847342349e-02
7.895803755246127986e-02
8.530515251265802235e-02
9.176195410462559265e-02
9.818541437433433994e-02
1.044354494569511987e-01
1.104190111872587060e-01
1.162313014955760615e-01
1.220145594375393605e-01
1.278973039278049895e-01
1.339532271278156272e-01
1.402423444806010777e-01
1.467978650134741381e-01
1.535456369827319367e-01
1.603846898002457277e-01
1.672650694522206383e-01
1.743408489238617576e-01
1.818171416568843402e-01
1.898084827489948667e-01
1.980668713028774230e-01
2.062536992595080387e-01
2.141252381443919939e-01
2.218172988430550108e-01
2.295605490236398705e-01
2.375251634856297978e-01
2.456393601273427763e-01
2.537708866928498619e-01
2.618259089254021954e-01
2.698642475494812953e-01
2.779841312286025490e-01
2.862608844198774594e-01
2.946781993756903417e-01
3.031968743037268821e-01
3.118172425009049231e-01
3.206977506721959137e-01
3.300364141844274735e-01
3.399862076835006852e-01
3.505197134841515627e-01
3.615645024558110654e-01
3.730331518113451095e-01
3.847779412246609687e-01
3.966361052930515996e-01
4.084562506468807364e-01
4.201323972085263536e-01
4.315698777548479526e-01
4.427279546562857826e-01
4.537818055441967813e-01
4.649605616981781209e-01
4.718279342855136727e-01
4.789013373409821139e-01
4.862593606578968775e-01
4.887885640316891322e-01
4.913592019869500449e-01
4.939723508862232104e-01
4.966289158382974911e-01
4.993291159872739193e-01
5.020729992293644361e-01
5.048608501747300359e-01
5.076938993235249331e-01
5.105736139000867091e-01
5.135012596744759072e-01
5.164772955767398255e-01
5.195019790955556216e-01
5.225754861216016511e-01
5.256976650790561312e-01
5.288682827915915929e-01
5.320869885818895195e-01
5.353529607069622553e-01
5.386652599099353012e-01
5.420230714686280482e-01
5.454260778034598633e-01
5.488740858576433013e-01
5.523672168292407259e-01
5.559068479916067229e-01
5.594946708864433349e-01
5.631322570043639786e-01
5.668206966142905756e-01
5.705609599593928216e-01
5.743540458721333453e-01
5.782010664157701818e-01
5.821031622636924086e-01
5.860610114669617676e-01
5.900734403592942101e-01
5.941388126493380994e-01
5.982554775015720416e-01
6.024217247049448165e-01
6.066358294756516445e-01
6.108963222480561228e-01
6.152027532646935359e-01
6.195549279717922353e-01
6.239524031126461034e-01
6.283937396070687909e-01
6.328772496581103191e-01
6.374012931069104049e-01
6.419644194086878697e-01
6.465652256320071345e-01
6.512021148583251318e-01
6.558727133909578733e-01
6.605744535132328510e-01
6.653047844654571552e-01
6.700612226409247141e-01
6.748413013468124166e-01
6.796476782905498393e-01
6.844683481815073689e-01
6.893060199717568892e-01
6.941587207098485202e-01
6.990803523412886245e-01
7.039881076813780947e-01
7.089321652537365903e-01
7.138413370857069618e-01
7.188356355848953827e-01
7.237656708147907070e-01
7.287901673000747316e-01
7.337128039999467610e-01
7.386398564992584514e-01
7.435654588742158788e-01
7.484885777250787076e-01
7.535311893952447715e-01
7.585442038752383542e-01
7.636244365542488310e-01
7.685317361817294302e-01
7.734267646416146391e-01
7.783191279368848470e-01
7.832193233561735024e-01
7.881463242428392579e-01
7.930358727322974755e-01
7.979189154487631441e-01
8.028074911784945922e-01
8.076916923202868137e-01
8.126022977812549231e-01
8.174885907323107270e-01
8.223840332195148095e-01
8.272543602391833062e-01
8.321581822378025795e-01
8.370706518835271392e-01
8.419229169681019531e-01
8.468797761550419523e-01
8.518079749114477739e-01
8.568226837917348737e-01
8.620161690130845322e-01
8.670602567745651079e-01
8.721376481389906399e-01
8.772153485730975753e-01
8.823143862842531826e-01
8.873918457549930805e-01
8.925504395305986494e-01
8.976349957963114523e-01
9.027207869876349156e-01
9.078184585320474564e-01
9.129353201572203425e-01
9.183103342085272569e-01
9.235944140629508414e-01
9.289807254124486935e-01
9.340314994463017051e-01
9.391501194416216336e-01
9.442174777279870312e-01
9.494192346184840980e-01
9.546892514413514164e-01
9.600257309828940100e-01
9.656278372818789535e-01
9.714443380298924957e-01
9.773600425615160958e-01
9.834018745991259802e-01
9.894035369194889018e-01
9.953590594410148817e-01
1.000820920180524265e+00
1.006330513553283179e+00
1.012109717923200147e+00
1.018651088897390533e+00
1.025479029328918656e+00
1.032369144012579731e+00
1.039016113584248835e+00
1.045967949633690441e+00
1.052832764228050610e+00
1.059881320243579506e+00
1.067309917512679007e+00
1.074581843343976661e+00
1.081592793218359105e+00
1.088552317622830889e+00
1.095755550865226136e+00
1.102512094212134919e+00
1.109468980525118997e+00
1.116787884968322597e+00
1.124322335846098753e+00
1.132441199321957637e+00
1.141462044281444488e+00
1.152338039076309606e+00
1.165377628421019551e+00
1.179214796560048573e+00
1.191647898557488539e+00
1.205446736070150848e+00
1.220370623414062106e+00
1.232245427982888053e+00
1.244936602265420689e+00
1.258343029317238848e+00
1.269919578206412325e+00
1.281313411940458113e+00
1.292628855992244308e+00
1.297424146943057188e+00
1.302263323593653377e+00
1.307020344400551704e+00
1.307793200426983216e+00
1.308565661183850093e+00
1.309337740245075654e+00
1.314842337484166013e+00
1.320330964261784423e+00
1.325806431781691774e+00
1.336721670361362246e+00
1.347573225669745689e+00
1.358338805664310200e+00
1.368997710656286726e+00
1.379535615281185290e+00
1.389939785730368360e+00
1.400205328779050795e+00
1.410408851015084286e+00
1.420618077134996549e+00
1.430899079081400682e+00
1.441278004439798588e+00
1.451772855182584809e+00
1.462393502835813042e+00
1.473143020079321186e+00
1.484019996427575760e+00
1.492260596145489782e+00
1.500571923842450861e+00
1.508953804577429114e+00
1.511763507645082161e+00
1.514581591185990339e+00
1.517408615824916485e+00
1.528820209990162660e+00
1.540425264424032381e+00
1.552303433698887680e+00
1.564485676078475995e+00
1.576985605104602284e+00
1.589786338504004748e+00
1.602883078082497637e+00
1.616269130666720510e+00
1.629880850298175421e+00
1.643697080178641468e+00
1.657652782090783594e+00
1.671675831495769815e+00
1.685714151108566483e+00
1.699795849235975709e+00
1.713969080959359292e+00
1.728281614827812618e+00
1.742779670131775482e+00
1.757509081734785594e+00
1.772502729824422030e+00
1.787741662980754764e+00
1.803193975477919819e+00
1.818829868304912889e+00
1.834627955971107394e+00
1.850568958661837904e+00
1.858585033058056002e+00
1.866617631982457226e+00
1.874652370569565463e+00
1.882676054243491492e+00
1.890680249539561375e+00
1.898657713163945271e+00
1.914515037692117394e+00
1.930247909377462268e+00
1.945867773067649464e+00
1.961388783252870471e+00
1.976835941668337870e+00
1.992236960442784977e+00
2.007626777299446719e+00
2.023069237610293669e+00
2.038635414368267451e+00
2.042554789004347171e+00
2.046488472971174311e+00
2.050438601164575658e+00
2.062406492055095519e+00
2.074584189423304359e+00
2.087014289615232610e+00
2.104029992057345311e+00
2.121527008898226097e+00
2.139462215763639819e+00
2.157793798674340735e+00
2.176485158288111510e+00
2.195501003946033869e+00
2.214811729578480382e+00
2.234410448226369805e+00
2.254295956767241371e+00
2.274464079579094467e+00
2.294898734576316102e+00
2.315580866801721260e+00
2.336478320114236951e+00
2.357506518769398873e+00
2.378567783353749743e+00
2.399576641260359189e+00
2.420496444940547498e+00
2.441302751011602545e+00
2.461981656873750701e+00
2.482561431941466612e+00
2.503080886678465067e+00
2.523582006019228885e+00
2.544119479590904120e+00
2.564751173467974432e+00
2.585535501702544536e+00
2.606533067908669565e+00
2.627805026084210294e+00
2.649406719366159457e+00
2.671370234063516591e+00
2.693721847311282946e+00
2.705055309163034494e+00
2.716519081440817551e+00
2.728139879632407450e+00
2.739941105395367504e+00
2.751932903002105135e+00
2.764122103078317405e+00
2.789098131194443830e+00
2.814814320045207374e+00
2.841193907512378658e+00
2.868163455314122423e+00
2.895662780697920713e+00
2.923635021880844675e+00
2.952026627568748118e+00
2.980797261307156720e+00
3.009909895153781711e+00
3.039339367358746991e+00
3.069107962751647989e+00
3.099249832380510217e+00
3.129790075357864687e+00
3.160717563417480669e+00
3.192012116752607653e+00
3.223646023202343613e+00
3.255561420399406103e+00
3.287692911831421760e+00
3.319986374748179259e+00
3.352432769709493776e+00
3.385034329717060864e+00
3.417795813245844805e+00
3.450732073902148755e+00
3.483860491208355725e+00
3.517193496697931465e+00
3.550723720849177756e+00
3.584438846226947195e+00
3.618328038401509961e+00
3.652386386027586251e+00
3.686610460355885355e+00
3.721006112955507206e+00
3.755616309688948107e+00
3.790493297709510490e+00
3.825682002462431619e+00
3.861198050162727657e+00
3.897049746523500779e+00
3.933251458806724887e+00
3.969841783488402776e+00
4.006865379627230439e+00
4.016194331488158298e+00
4.025554572186262448e+00
4.034947519504036073e+00
4.063339652293764814e+00
4.092094425167667637e+00
4.121267361923557360e+00
4.140972614601398760e+00
4.160886213404830336e+00
4.181005975708976585e+00
4.201327926024958970e+00
4.221840914375322384e+00
4.242531997841039626e+00
4.284399496792831386e+00
4.326840966284263068e+00
4.369769774599667755e+00
4.413100651194261204e+00
4.456753741841590788e+00
4.500650550000894867e+00
4.544717526504371108e+00
4.588900899028061531e+00
4.633151839949658068e+00
4.677436185907243527e+00
4.721778429862004245e+00
4.766217728895199457e+00
4.810793981267367236e+00
4.855550048595248747e+00
4.900529535515979696e+00
4.945769091153454866e+00
4.991277532690942209e+00
5.037056722809359677e+00
5.083113003619304848e+00
5.129470621272995245e+00
5.176158302031897307e+00
5.223198407352411365e+00
5.270587822151666657e+00
5.318317066976387508e+00
5.366377818201446104e+00
5.414766356858226715e+00
5.463480119563128845e+00
5.512506736656906270e+00
5.561794595443277700e+00
5.611282275577107015e+00
5.660914380124458134e+00
5.710659595104896624e+00
5.760492628076550048e+00
5.810389430391891707e+00
5.860330925822323067e+00
5.910299281003755567e+00
5.960271682355053002e+00
6.010205396598994554e+00
6.060052708810802713e+00
6.109786323803085395e+00
6.159460633959716880e+00
6.209150451982775820e+00
6.234024672444997250e+00
6.258931528200589511e+00
6.283881074726686222e+00
6.308882244796377492e+00
6.333939479940500661e+00
6.359056099058266298e+00
6.409477386375762364e+00
6.460155764684205160e+00
6.511097516652618822e+00
6.562315404809577757e+00
6.613848097699069228e+00
6.665740744891275327e+00
6.718021943050958456e+00
6.770654057522525804e+00
6.823582900646474769e+00
6.876754120991797059e+00
6.930112694303456777e+00
6.983603430318698457e+00
7.037167838355321337e+00
7.090734218230458907e+00
7.144227566668911678e+00
7.197576761591486516e+00
7.250726210297323782e+00
7.303624198712018512e+00
7.356221169712557462e+00
7.408476209850608285e+00
7.460350560869133396e+00
7.511805230935237887e+00
7.562800317513254988e+00
7.613295682977610390e+00
7.625836749552586724e+00
7.638343514383171495e+00
7.650815417448481703e+00
7.688017105476851576e+00
7.724889374384700247e+00
7.761421598000588062e+00
7.809585217667222246e+00
7.857108132145075530e+00
7.903973046529213065e+00
7.950168116784874783e+00
7.995703342439467676e+00
8.040594173950744050e+00
8.084858095241379772e+00
8.128520763469868626e+00
8.171609870287795729e+00
8.214142832510205494e+00
8.256096001905703474e+00
8.297435455305436136e+00
8.338126014997865099e+00
8.378127520807392870e+00
8.417398556353049344e+00
8.432700444541326945e+00
8.447880513734332908e+00
8.462937380293507061e+00
8.466918939254291843e+00
8.470891695764905194e+00
8.474855650883339919e+00
8.478622666505536642e+00
8.482381712905411320e+00
8.486132803024037941e+00
8.487256580525468053e+00
8.488379643512121930e+00
8.489501992371206285e+00
8.492118031760409025e+00
8.494730192407647706e+00
8.497338481498090346e+00
8.508473351344912672e+00
8.519538821454904820e+00
8.530536470245557723e+00
8.566726568737120573e+00
8.602244035631938956e+00
8.637152260238563528e+00
8.671514831199703011e+00
8.705396173634209589e+00
8.738860914461458407e+00
8.771979959010479888e+00
8.804849354386462323e+00
8.837571429416627211e+00
8.870246093227095230e+00
8.902963588725313571e+00
8.935811742942540548e+00
8.948841307301663051e+00
8.961905738399137178e+00
8.975005813553195821e+00
8.978494187143382987e+00
8.981985026007512474e+00
8.985478221819647615e+00
8.988474186019661971e+00
8.991471749288987070e+00
8.994470858648597300e+00
8.996304387312347828e+00
8.998138468661473155e+00
8.999973097768879882e+00
9.001808270237173559e+00
9.003643983790457384e+00
9.005480236683261808e+00
9.015505368868321767e+00
9.025544949379227688e+00
9.035597432025815223e+00
9.069173659032149004e+00
9.102838141488099666e+00
9.136497917942323355e+00
9.149778991649462512e+00
9.163048511935793172e+00
9.176305377637540062e+00
9.179827070970958403e+00
9.183347685124571669e+00
9.186922393272004328e+00
9.189766786169885293e+00
9.192609562562090275e+00
9.195450722966333146e+00
9.197789334599905331e+00
9.200127124284742663e+00
9.202464365739455587e+00
9.203966719744869351e+00
9.205469055922874233e+00
9.206971469906994443e+00
9.216825879357731566e+00
9.226905179024026182e+00
9.237053574829143798e+00
9.280908417883900086e+00
9.347884842561391849e+00
9.426116495257749861e+00
9.490916785405559608e+00
9.582404209712363397e+00
9.687149795579280465e+00
9.715224221334619159e+00
9.757303564492818992e+00
9.829667318118655572e+00
9.854251535512084104e+00
9.879061574967568760e+00
9.902474883246966897e+00
9.913514763699030397e+00
9.923513865188386518e+00
9.932389239871412201e+00
9.950610167733403344e+00
9.963863328373658845e+00
9.975566804643012375e+00
1.000447606271356626e+01
1.004104540128655998e+01
1.008494539890005193e+01
1.027681220489500546e+01
1.051516001144443280e+01
1.076875641254517291e+01
1.079376139326015505e+01
1.081865627592516077e+01
1.084349255704639603e+01
1.091715966876563826e+01
1.099356626303375606e+01
1.107551388539137349e+01
1.110662670584894940e+01
1.113938331480369825e+01
1.117437050165055368e+01
1.124463461574088186e+01
1.132393884967648034e+01
1.141210078431163133e+01
1.141698268026065222e+01
1.142188759427558153e+01
1.142681450408499799e+01
1.158278389636464389e+01
1.174805905760908686e+01
1.191307512933961377e+01
1.241077610446963320e+01
1.287866568064935890e+01
1.339536404691734717e+01
1.363088184269084024e+01
1.389531382519963287e+01
1.419773685097270643e+01
1.422667031716842345e+01
1.425596757149601679e+01
1.428562242795955051e+01
1.434596641185161126e+01
1.440758379744887563e+01
1.447034236382407357e+01
1.452036513627813719e+01
1.457093469480744119e+01
1.462197492829886336e+01
1.464998634699004754e+01
1.467810354976881193e+01
1.470631492701824072e+01
1.472045244165569322e+01
1.473460997719049104e+01
1.474878691318838086e+01
1.484375465624581736e+01
1.493940234980651205e+01
1.503557528848164893e+01
1.532602662905078006e+01
1.561760330765358162e+01
1.590809151764198326e+01
1.628666014034160625e+01
1.666338903083604706e+01
1.704215618161379808e+01
1.709527086644859750e+01
1.714847777911122506e+01
1.720175466594686498e+01
1.725022973232591994e+01
1.729872474912257019e+01
1.734722022746445447e+01
1.742960417858250111e+01
1.751181185917661409e+01
1.759372195136153039e+01
1.760813662965262694e+01
1.762253751981079120e+01
1.763692388086194640e+01
1.773240234547447258e+01
1.782695490551020612e+01
1.792033415726756829e+01
1.809807112641971472e+01
1.826832660562426724e+01
1.842901778727749473e+01
1.851087120628907101e+01
1.858914315344141954e+01
1.866363006095469501e+01
1.879440010332046640e+01
1.890986095275658840e+01
1.900916837540524540e+01
1.908963828346951530e+01
1.915321783829308089e+01
1.919917475604041357e+01
1.920011485247725957e+01
1.920104288406738391e+01
1.920195885935704183e+01
1.921778718945814290e+01
1.922902948444907167e+01
1.923591821741972296e+01
1.923817357739638467e+01
1.923876564652608323e+01
1.923777244330970149e+01
1.923597871246305857e+01
1.923332884104525675e+01
1.922985857875991300e+01
1.922211111242585702e+01
1.921187334340167752e+01
1.919892242275059857e+01
1.915786935872722552e+01
1.909936370844476983e+01
1.902139765146523587e+01
1.899561912010830156e+01
1.896813258508216293e+01
1.893893858820087672e+01
1.891092367530065488e+01
1.888153654461476449e+01
1.885081566690893595e+01
1.878552237229997246e+01
1.871533090214935413e+01
1.864052372819067216e+01
1.862113347900713478e+01
1.860147501374930812e+01
1.858155097874811190e+01
1.852020186191133178e+01
1.845649753161929141e+01
1.839044893155909932e+01
1.820791532213113584e+01
1.801031345861288813e+01
1.779834201107522063e+01
1.767853756915174301e+01
1.755513527482142422e+01
1.742850261140507229e+01
1.728029672517608617e+01
1.712890989565884325e+01
1.697490045802484815e+01
1.687102111971994844e+01
1.676624027676455952e+01
1.666057403993258390e+01
1.625735290285758339e+01
1.584658143354105242e+01
1.543292249749791623e+01
1.515792816122520748e+01
1.488560046789072189e+01
1.461782106288165650e+01
1.436313067035828084e+01
1.411760710121869167e+01
1.388430706923658420e+01
1.383824243049416225e+01
1.379286451392653490e+01
1.374821690921207562e+01
1.367733098570336736e+01
1.360865450117465869e+01
1.354235338025784330e+01
1.352245571360576903e+01
1.350279810030680672e+01
1.348337998912428404e+01
1.341725828940828613e+01
1.335382153860175514e+01
1.329282766720170628e+01
1.320139973047651871e+01
1.311486355034847051e+01
1.303267652482660566e+01
1.282644554265162284e+01
1.263845290010160660e+01
1.245863403937811498e+01
1.184335042212277145e+01
1.115956596837999371e+01
1.035836929350595526e+01
1.026992032859269344e+01
1.018015630759690282e+01
1.008944368671521019e+01
9.821589707894109011e+00
9.568595610699812681e+00
9.350403145392059301e+00
9.284756428405117390e+00
9.225947368434617601e+00
9.173875149549171937e+00
9.153588408618682948e+00
9.134467348129645003e+00
9.116458656853554388e+00
9.062070596198804395e+00
9.017277114261766258e+00
8.979110070343136130e+00
8.967729186978228739e+00
8.956674263474774023e+00
8.945890408676872241e+00
8.895045098871223743e+00
8.848317954373268179e+00
8.804424125404043622e+00
8.636497451186599505e+00
8.441026484703595401e+00
8.165011506343978098e+00
8.130936822701311684e+00
8.095664690827433674e+00
8.059344875058503277e+00
7.948582740195991647e+00
7.840127229493254468e+00
7.744101538470627766e+00
7.714911278937064409e+00
7.689450736976954914e+00
7.668591677307226462e+00
7.657629530203234225e+00
7.649099261915580428e+00
7.643000083278874257e+00
7.637648616369191679e+00
7.637843906110541425e+00
7.640751171342659021e+00
7.647504565171773905e+00
7.650130581961350984e+00
7.645145771086948372e+00
7.473463519596431404e+00
7.236688715940998051e+00
7.004008629069135239e+00
6.909500840827648815e+00
6.852616279875313410e+00
6.794405166547671016e+00
6.762958700087645880e+00
6.731958330512622268e+00
6.709105885757369769e+00
6.705134977640316407e+00
6.701379395294440933e+00
6.696974320155126392e+00
6.689052627797633654e+00
6.679130042359517461e+00
6.667897433162867316e+00
6.662858410732354741e+00
6.657789101750086758e+00
6.652773007905667058e+00
6.629370910136104911e+00
6.607488836360139395e+00
6.585486319508039088e+00
6.483456412170873762e+00
6.378057120705111771e+00
6.278880214483429256e+00
6.215914245472242250e+00
6.165163776681819030e+00
6.118915683930806537e+00
6.043582403327551589e+00
5.965873363792470130e+00
5.883866297975838933e+00
5.823244032321249541e+00
5.764450124929366481e+00
5.708083915687108600e+00
5.686098961236773164e+00
5.664382753813185900e+00
5.642919105466138951e+00
5.637253350263550011e+00
5.631599961646838182e+00
5.625954596844724875e+00
5.622193463022411741e+00
5.618433456406184412e+00
5.614674068129653861e+00
5.611720469566114033e+00
5.608767317462390878e+00
5.605814990781739837e+00
5.601791139301599110e+00
5.597770690168864860e+00
5.593754806243209643e+00
5.577744383583439713e+00
5.561805258083847292e+00
5.545917076098660914e+00
5.505762761433212304e+00
5.463765733456384055e+00
5.423558308125936200e+00
5.410539676451453062e+00
5.397568867538150350e+00
5.384646410320321763e+00
5.333442745904749316e+00
5.283007439014415496e+00
5.233326768707533994e+00
5.184383011244923622e+00
5.136142391694839660e+00
5.088567131193679316e+00
5.041612810895434116e+00
4.995208417303112824e+00
4.949276294369111540e+00
4.926465179494968538e+00
4.903755678301499721e+00
4.881150749505302144e+00
4.858654258700319417e+00
4.836273697895184576e+00
4.814017466061311978e+00
4.769897953729648421e+00
4.726294754141193266e+00
4.683193274345622825e+00
4.640579966348659546e+00
4.598445436732895963e+00
4.556781336736701604e+00
4.515573585115117083e+00
4.474785146541576886e+00
4.434373252232766127e+00
4.394295165694411587e+00
4.354508260408614717e+00
4.314969940328099440e+00
4.275644750086953216e+00
4.236525786253146464e+00
4.197613285244198522e+00
4.158911550453142425e+00
4.120441145532790728e+00
4.082226701856114914e+00
4.044288196681154801e+00
4.006626979300957458e+00
3.969239745510114048e+00
3.932118890512497966e+00
3.895239593225591435e+00
3.858572731265038414e+00
3.849435987993520492e+00
3.840311396982828640e+00
3.831199653258339666e+00
3.803953327099728554e+00
3.776876874044523547e+00
3.750018287936117467e+00
3.732252353530327138e+00
3.714589106793249051e+00
3.697013074564036383e+00
3.679509169598101259e+00
3.662063847093126157e+00
3.644663948013383781e+00
3.609967979478183153e+00
3.575416968100987525e+00
3.541026814290804126e+00
3.537597260764949070e+00
3.534169505586753246e+00
3.530743579508054619e+00
3.499999054132844289e+00
3.469436150591088008e+00
3.439085844692923111e+00
3.405644991266751020e+00
3.372515472148578386e+00
3.339707915198881327e+00
3.307244171953530376e+00
3.275190974833019908e+00
3.243626281746710749e+00
3.228051458663659723e+00
3.212627821952912299e+00
3.197364941281200856e+00
3.182271440960363407e+00
3.167352161809458444e+00
3.152610999379252821e+00
3.123659857243409554e+00
3.095355426360089979e+00
3.067616376381797849e+00
3.040382323500629091e+00
3.013676639628718235e+00
2.987543642444405734e+00
2.962011220274605616e+00
2.937041514492011895e+00
2.912580237030608643e+00
2.888572448725494901e+00
2.864960578447373507e+00
2.841686401568970233e+00
2.818704846556463472e+00
2.796023438001083772e+00
2.773662853089091662e+00
2.757114810387491843e+00
2.740764075530190524e+00
2.724615861289710672e+00
2.719278910925732706e+00
2.713964526604045968e+00
2.708672192681725210e+00
2.687703020273480181e+00
2.666985236266825154e+00
2.646425676499100099e+00
2.625934556843461998e+00
2.605435603730889671e+00
2.584855919919168521e+00
2.564146656315072104e+00
2.543355164007252256e+00
2.522552842388278815e+00
2.512168196686038968e+00
2.501797202627772609e+00
2.491438369619712212e+00
2.481091287062390904e+00
2.470759864229281177e+00
2.460449090410125272e+00
2.439916671974489137e+00
2.419570071426032420e+00
2.399492556338167493e+00
2.379764440837337069e+00
2.360454211995958396e+00
2.341627406660667265e+00
2.323320669615013934e+00
2.305455049058322992e+00
2.287922700095745832e+00
2.270625541357469857e+00
2.253504525004150771e+00
2.236510363273953139e+00
2.228048097810228612e+00
2.219614944984187321e+00
2.211220625409673790e+00
2.202873503932329946e+00
2.194576521851424822e+00
2.186331264767922722e+00
2.169981769452018927e+00
2.153735208346220453e+00
2.137481273652022118e+00
2.121140864612653942e+00
2.104759709739183915e+00
2.088414743859293932e+00
2.072164345333980862e+00
2.055992667428467424e+00
2.039865307937660965e+00
2.035836452583420275e+00
2.031808226874799672e+00
2.027780640669581302e+00
2.015706365878785711e+00
2.003665490884533718e+00
1.991685571425325207e+00
1.983747323838128906e+00
1.975861939085341135e+00
1.968042941706916293e+00
1.960303053228899861e+00
1.952651782308442607e+00
1.945097834720145524e+00
1.930293493177370090e+00
1.915843474965062576e+00
1.901677991519918454e+00
1.900274409269939735e+00
1.898872924973621146e+00
1.897473489068701946e+00
1.884965615075448575e+00
1.872601811248830739e+00
1.860364244072251427e+00
1.846905400322078616e+00
1.833628448794802468e+00
1.820581451823277908e+00
1.807786753116507050e+00
1.795163809296922874e+00
1.782606357033699185e+00
1.770032242864554295e+00
1.757455749297818670e+00
1.744915267119135471e+00
1.732463402991845536e+00
1.720209628784435063e+00
1.708277636137834010e+00
1.696747416248636231e+00
1.685524140075648880e+00
1.674469277891171171e+00
1.663463524541118232e+00
1.652464460811251090e+00
1.641448888361740188e+00
1.630408453159165605e+00
1.619394181175828784e+00
1.608471943807589177e+00
1.603062885414971550e+00
1.597683310633907006e+00
1.592323226332355901e+00
1.586973213890867651e+00
1.581626152402025198e+00
1.576275495369866331e+00
1.565550694972305923e+00
1.554813872200436986e+00
1.544093572150984750e+00
1.533428878099537318e+00
1.522901028195131179e+00
1.512601801349064523e+00
1.502612656781508127e+00
1.492973764182258023e+00
1.483714976161061738e+00
1.474885088142382283e+00
1.466608645757508711e+00
1.459029141414663666e+00
1.455532668130121943e+00
1.452186736648855003e+00
1.448931778570430318e+00
1.445712892140724515e+00
1.442493840655266535e+00
1.439243053530859129e+00
1.432560952809248001e+00
1.425618838944387345e+00
1.418409918427880667e+00
1.410939972017142274e+00
1.403265097251855664e+00
1.395453967910426307e+00
1.387561179912462750e+00
1.379585026983040530e+00
1.371509726391117123e+00
1.363325518421580451e+00
1.355046740134572048e+00
1.346693751520262383e+00
1.342497322800792592e+00
1.338299170028509621e+00
1.334111032056663815e+00
1.329943924790522480e+00
1.325805972142620970e+00
1.321704575174972751e+00
1.313624374915182358e+00
1.305679143412799448e+00
1.297828024299985561e+00
1.290049727336619823e+00
1.282401220693093036e+00
1.274959039293775520e+00
1.267781295934548247e+00
1.260852403430870794e+00
1.254138353468738920e+00
1.247583988423776491e+00
1.241049538513172568e+00
1.234374080189633460e+00
1.230936010381593171e+00
1.227419302563479642e+00
1.223820802051221124e+00
1.220143626691659433e+00
1.216415985938981592e+00
1.212672361979490798e+00
1.205247344422178069e+00
1.198005690433785464e+00
1.191056771731358488e+00
1.184505758580895129e+00
1.178440999767219832e+00
1.172946647028013878e+00
1.168064770782550887e+00
1.163669079745870416e+00
1.159591199408464668e+00
1.155654259284334184e+00
1.151647380781118279e+00
1.147351180536711590e+00
1.145032280040253037e+00
1.142596303344178610e+00
1.140053351433901074e+00
1.137420981250010898e+00
1.134746575535949820e+00
1.132084973431731978e+00
1.126928234539250173e+00
1.121932969288315762e+00
1.116990083674139322e+00
1.114507985532772416e+00
1.112020835173358257e+00
1.109537758603843738e+00
1.107070800575243208e+00
1.104643680851980836e+00
1.102283038149709515e+00
1.100013103744047260e+00
1.097848478267665850e+00
1.095801355139110145e+00
1.093876890531971124e+00
1.092052089703487550e+00
1.090296920517245471e+00
1.088579861262617410e+00
1.086863430331839631e+00
1.085108656114263992e+00
1.083282382970613300e+00
1.081374719695234798e+00
1.079381590824062931e+00
1.077302333520187894e+00
1.075149936979357346e+00
1.072940803122082176e+00
1.070692343915781164e+00
1.068426012587813112e+00
1.066164272668571389e+00
1.061720618383303671e+00
1.057422076385157617e+00
1.053305542181481425e+00
1.049403997411463285e+00
1.045734757183887087e+00
1.042311223635553841e+00
1.039140721943796475e+00
1.036206254538869276e+00
1.033484746437073110e+00
1.030955685869455962e+00
1.028608801763933212e+00
1.026436385538458840e+00
1.025414367732519816e+00
1.024440115220185188e+00
1.023519702979119206e+00
1.022658071773280275e+00
1.021855624744673285e+00
1.021111630861200936e+00
1.019782818471497876e+00
1.018599484771703700e+00
1.017476221425865024e+00
1.016337844796383783e+00
1.015150065260090440e+00
1.013888815472980154e+00
1.012538138871262205e+00
1.011114527384861628e+00
1.009642583829690965e+00
1.008146422088687100e+00
1.006648204443755912e+00
1.005169605303452673e+00
1.004445778879743623e+00
1.003743042439834365e+00
1.003072162779950371e+00
1.002443205217419919e+00
1.001863428648279042e+00
1.001339390587774325e+00
1.000461364690921950e+00
9.997446091461352768e-01
9.991012118599877923e-01
9.987799630634383030e-01
9.984465633502176418e-01
9.980924998679976401e-01
9.980851493283346976e-01
9.980777868699259869e-01
9.980704122253247768e-01
9.980407878520703990e-01
9.980109549834297322e-01
9.979809041057488006e-01
9.979771319457680923e-01
9.979733562250985290e-01
9.979695769396086380e-01
9.979315889911255510e-01
9.978932517907795896e-01
9.978545731735081192e-01
9.975388337091977142e-01
9.972116290233863367e-01
9.968823124219940990e-01
9.966445110031734167e-01
9.964136725947301265e-01
9.961928569723179638e-01
9.957123904706122186e-01
9.953856259997855283e-01
9.951356523441402535e-01
9.950864779130468296e-01
9.950635804803378281e-01
9.950687978371491882e-01
9.952653596649725376e-01
9.955569670674160321e-01
9.963648036194909796e-01
9.972409229806619146e-01
9.982970508845701030e-01
9.995466565947566107e-01
1.001184337517219580e+00
1.002857575536912238e+00
1.004617777163704595e+00
1.007619817242686455e+00
1.011071952351725534e+00
1.015008824410786215e+00
1.016445656496939076e+00
1.017952986103318302e+00
1.019556310165298463e+00
1.023324420977212768e+00
1.027307422676134507e+00
1.031782413139867405e+00
1.037481930205474301e+00
1.044261779337303242e+00
1.050233470729257768e+00
1.073684138828342016e+00
1.098247793335104916e+00
1.123319482145564097e+00
1.128768582264505493e+00
1.134569257649410634e+00
1.140984313743123035e+00
1.170936045438398576e+00
1.199045777887635333e+00
1.224591669048104681e+00
1.239070752011718124e+00
1.251072363105599994e+00
1.261859170840297528e+00
1.262209366726469550e+00
1.262740957580473999e+00
1.263031709082910181e+00
1.264092476046405622e+00
1.265164336619562846e+00
1.265241088150749427e+00
1.264377117353955526e+00
1.263780456108932526e+00
1.265320385858165420e+00
1.267792474315298623e+00
1.271054415979372854e+00
1.275292514745122396e+00
1.280271383589854706e+00
1.286297823384437322e+00
1.292231139103674931e+00
1.298075873892993393e+00
1.304404303644713714e+00
1.311364904362947392e+00
1.318594301977739081e+00
1.328282174322767073e+00
1.342743925433200314e+00
1.351158887559424704e+00
1.359259920734389393e+00
1.369136763329566353e+00
1.373872956187744521e+00
1.378542778229317811e+00
1.383364718962041717e+00
1.387354338814093424e+00
1.391466201185860285e+00
1.395634233474927655e+00
1.399900186091528775e+00
1.404278944269507612e+00
1.408775687209192995e+00
1.412360340081038501e+00
1.416021131031427238e+00
1.419756497418795949e+00
1.430629572311172826e+00
1.452635505693289364e+00
1.469065830526408156e+00
1.483294154869651660e+00
1.496953473291923409e+00
1.511098469651134479e+00
1.518393986557552200e+00
1.525580998831935764e+00
1.532673946476718285e+00
1.549093359431064965e+00
1.564757973677317615e+00
1.580474342454453174e+00
1.582404860303915584e+00
1.584334845461678132e+00
1.586264438937373455e+00
1.610377945326183502e+00
1.634542567770324695e+00
1.658848931395501047e+00
1.707811406000543375e+00
1.755796900135571548e+00
1.800897419762573559e+00
1.842272437177445266e+00
1.883375790130882965e+00
1.928744951265486396e+00
1.982295909733198691e+00
2.045379571723376699e+00
2.118756873838887778e+00
2.128292584687586420e+00
2.137989901407732596e+00
2.147850337363393258e+00
2.225255973440464885e+00
2.311931384172021264e+00
2.408331942341040754e+00
2.455487779549769378e+00
2.504741379258604184e+00
2.556080542270035671e+00
2.569239349488102064e+00
2.582524300594609912e+00
2.595931875722109261e+00
2.618993151510808914e+00
2.642362953949652926e+00
2.666005609332057880e+00
2.678620440386296764e+00
2.691295500746465397e+00
2.704024539546274752e+00
2.705441940375109766e+00
2.706859938193249882e+00
2.708278540752283359e+00
2.712538125595511218e+00
2.716803859640860352e+00
2.721076379607918927e+00
2.726784749498845528e+00
2.732507945362410595e+00
2.738247597246851406e+00
2.757022595170153245e+00
2.775971258417348153e+00
2.795076217723042156e+00
2.799505413777492180e+00
2.803941781111820575e+00
2.808385092632225799e+00
2.838914663183257581e+00
2.871411426076568407e+00
2.902115783040387864e+00
2.911341797049267655e+00
2.922127277072129381e+00
2.931417031492183689e+00
2.946917125638321977e+00
2.962431276377060829e+00
2.977951018986785492e+00
3.001279338324107648e+00
3.022967329044020879e+00
3.046189958191117597e+00
3.096149969952837644e+00
3.143545351492078588e+00
3.198736007795346392e+00
3.230853943324992983e+00
3.270509421793493132e+00
3.306600278619949762e+00
3.749877413990544639e+00
4.109618169420713230e+00
4.624639791094282693e+00
4.699279841678192682e+00
4.786335675420273716e+00
4.892655329555264387e+00
4.991388155075686228e+00
5.098721152536990431e+00
5.208330738826230544e+00
5.229926002497046866e+00
5.254353127419236102e+00
5.275562589436556316e+00
5.532961303731781300e+00
5.778647338931950372e+00
6.037182674310542119e+00
6.262125004674334861e+00
6.503175897337932554e+00
6.756141522618719364e+00
7.223402009336350460e+00
7.676292896736885751e+00
8.140208844775671082e+00
8.524810973013012827e+00
8.924195487935836724e+00
9.393121517400052412e+00
9.463244950498930663e+00
9.535155288734321388e+00
9.608759064442434550e+00
9.806278498077901418e+00
1.001730456773834987e+01
1.023392077105168596e+01
1.045926175480601827e+01
1.069076837315007289e+01
1.092934303570118182e+01
1.102412878867747459e+01
1.112065163745595342e+01
1.121988070445210184e+01
1.133668127790406288e+01
1.145740542934327877e+01
1.158192755083595316e+01
1.171014194496099492e+01
1.184305652915009688e+01
1.197888192089638260e+01
1.204817222475062266e+01
1.211841319061812250e+01
1.218964164828532759e+01
1.228011658123797645e+01
1.237223127631347097e+01
1.246602505391449967e+01
1.293671371250914071e+01
1.342269780448548744e+01
1.390216104607108782e+01
1.413217290157237649e+01
1.435907486144516554e+01
1.458766614135391038e+01
1.476288819726458712e+01
1.494248320865943214e+01
1.512717547261994611e+01
1.549290453167063930e+01
1.588666240606310609e+01
1.631573017338013187e+01
1.667172927493728807e+01
1.705302975361329487e+01
1.746002190414749933e+01
1.759045023246755335e+01
1.772317370458303643e+01
1.785801684537232603e+01
1.834266601085132820e+01
1.883484277366005699e+01
1.931825929399230546e+01
1.948581696055292767e+01
1.965024374150692665e+01
1.981160432370933933e+01
1.997004331106790076e+01
2.012602609092653694e+01
2.028009803593253224e+01
2.049360106160104777e+01
2.070577020264439483e+01
2.091794796541446289e+01
2.119268798059694348e+01
2.147111685369365830e+01
2.175469101921546411e+01
2.194730295385796381e+01
2.214318695723553887e+01
2.234268084465945492e+01
2.264934414620007175e+01
2.296551772439644168e+01
2.329183112269276634e+01
2.332874138603157377e+01
2.336578466955128519e+01
2.340296100594721906e+01
2.362878082400059299e+01
2.385919409711629058e+01
2.409400371048580070e+01
2.409400371048580070e+01
2.409400371048580070e+01
2.409400371048580070e+01
2.425284703311152867e+01
2.441324836672396259e+01
2.457489924737295439e+01
2.481915233523411501e+01
2.506513325397316549e+01
2.531245236886431371e+01
2.631402255866282758e+01
2.734606422745993370e+01
2.842390574885711629e+01
2.884287604593198395e+01
2.927025659957012493e+01
2.970585444033618927e+01
3.005000839193836271e+01
3.039770945346273834e+01
3.074764974462295442e+01
3.104838501328558209e+01
3.134895379903559842e+01
3.164850503356544209e+01
3.214369132173347055e+01
3.263278982750203738e+01
3.311490064276455314e+01
3.396487010955988950e+01
3.479996658165013912e+01
3.563085477297433101e+01
3.609509901879086158e+01
3.656639256897380363e+01
3.704979974298717593e+01
3.724767463557594738e+01
3.744853412876823029e+01
3.765261401227388660e+01
3.770416418638727407e+01
3.775593028472539459e+01
3.780791221084881215e+01
3.812420801545268034e+01
3.844751315463453523e+01
3.877707139554718196e+01
3.916838513001065536e+01
3.956558563406991880e+01
3.996707763741102326e+01
4.019780994536250773e+01
4.042909674249988683e+01
4.066061194611087615e+01
4.158251196256554749e+01
4.248243327939657377e+01
4.333992849244022949e+01
4.344311241830010317e+01
4.354527583934606128e+01
4.364638138502522224e+01
4.422886500092056394e+01
4.476479034867871576e+01
4.524699998093661435e+01
4.532164793607022801e+01
4.539460985473405685e+01
4.546589148028457572e+01
4.560348127000618490e+01
4.573468563084605876e+01
4.585981702371748980e+01
4.592020565831489876e+01
4.597920969287636694e+01
4.603688473183856900e+01
4.625546594608994155e+01
4.645758422885525363e+01
4.664714686819714018e+01
4.684979663047762699e+01
4.704428685725815740e+01
4.723340495408857009e+01
4.741987428445939656e+01
4.760617094147590933e+01
4.779470871510819308e+01
4.787979940112221300e+01
4.796569432991027071e+01
4.805227830569899794e+01
4.827038170388004801e+01
4.848658020299417615e+01
4.869537995604081004e+01
4.873576982466376251e+01
4.877560899550799434e+01
4.881486262853568547e+01
4.885349791713220213e+01
4.889149022468481576e+01
4.892881694668381698e+01
4.905397189375745626e+01
4.917020254228744136e+01
4.927701302042734000e+01
4.933363166071985972e+01
4.938694941545647055e+01
4.943690374464548398e+01
4.949451092549330866e+01
4.954658007888914995e+01
4.959292601669265821e+01
4.967909855522811569e+01
4.972508687287636064e+01
4.972471814192248019e+01
4.971971098408590706e+01
4.971319291340750368e+01
4.970511291302128143e+01
4.970047086028058914e+01
4.969541691031926689e+01
4.968994240654191685e+01
4.965591853923567811e+01
4.960984158742368777e+01
4.955038750798372860e+01
4.953677631855087782e+01
4.952257542004015534e+01
4.950778320198514137e+01
4.944276957677685402e+01
4.936876979114801856e+01
4.928628401859872099e+01
4.912324565586516911e+01
4.893979508044043314e+01
4.873997426431118640e+01
4.868044043951606170e+01
4.861999056229716842e+01
4.855871523468255901e+01
4.852779623980099899e+01
4.849670427461717992e+01
4.846545008320860859e+01
4.843404426237287907e+01
4.840249681940427706e+01
4.837081761441409355e+01
4.830710173222292525e+01
4.824296736943824015e+01
4.817848364873736244e+01
4.814613205402517337e+01
4.811371709206368052e+01
4.808124545610672840e+01
4.788552351983557287e+01
4.768898720261050528e+01
4.749262119553340256e+01
4.736225847002654632e+01
4.723250350891360938e+01
4.710345081032606629e+01
4.691140027177516458e+01
4.672149167045644447e+01
4.653407433159533468e+01
4.637998955697244696e+01
4.622772681466371125e+01
4.607713548452807117e+01
4.592798952937540236e+01
4.577976097498962815e+01
4.563184635261125521e+01
4.548362934724281104e+01
4.533444238138901028e+01
4.518360489585167272e+01
4.503044550429915915e+01
4.487433025065502790e+01
4.471463421342947697e+01
4.468221048748656443e+01
4.464961471764594592e+01
4.461684310464627856e+01
4.438227820974388038e+01
4.413808184899072273e+01
4.388342288904517829e+01
4.380862790603677581e+01
4.373290943393764252e+01
4.365626609285980209e+01
4.249293694829144385e+01
4.118945153563493022e+01
3.978671292035583917e+01
3.968378612206480227e+01
3.958054283591933853e+01
3.947696621000869754e+01
3.921643250529211855e+01
3.895330766512704201e+01
3.868718896885162906e+01
3.852592882617011583e+01
3.836345346838530190e+01
3.819977052503563897e+01
3.792438029158159907e+01
3.764615731246568942e+01
3.736560183965428905e+01
3.725284288554071566e+01
3.713984876546986413e+01
3.702667751784423444e+01
3.674341867907811832e+01
3.646070246227505152e+01
3.617981580919927609e+01
3.557307977322932402e+01
3.498572721297040289e+01
3.442206497900148321e+01
3.393275994336653412e+01
3.346340240388528997e+01
3.301080054366588712e+01
3.257125463299183821e+01
3.213901367855189051e+01
3.170781461026243875e+01
3.153425251168424381e+01
3.135962697083643036e+01
3.118370993469591212e+01
3.109519963456875047e+01
3.100630386005898487e+01
3.091701704439651621e+01
3.000541849394650029e+01
2.907257969679316290e+01
2.813687193296063427e+01
2.771972949671794595e+01
2.730723449895265986e+01
2.690090102342959355e+01
2.645837110857932828e+01
2.602669194127486918e+01
2.560723996677703695e+01
2.524074147045554639e+01
2.488275287143704873e+01
2.453076395675010701e+01
2.449191566727161273e+01
2.445310841964950299e+01
2.441434016079081459e+01
2.429826013745611490e+01
2.418252521155574897e+01
2.406714806086811365e+01
2.353616430827547390e+01
2.302857880242872568e+01
2.255973673390173673e+01
2.205559602686856380e+01
2.160445464506766555e+01
2.117957335369625582e+01
2.105574363092546974e+01
2.093134807031435329e+01
2.080585985888428269e+01
2.036498870226303026e+01
1.989101082648743812e+01
1.936950016444928480e+01
1.933703427862773339e+01
1.930435524399467084e+01
1.927146449041388010e+01
1.875668606941521688e+01
1.821750848567878478e+01
1.767682595429620562e+01
1.741998495885817277e+01
1.718264819366240204e+01
1.695573380190639057e+01
1.689321870747625809e+01
1.683182612771710041e+01
1.677158910352008192e+01
1.628012540144067088e+01
1.586836384912038866e+01
1.554365362691665453e+01
1.522325139855715292e+01
1.493891946020950812e+01
1.466910582639142824e+01
1.461510226584023897e+01
1.456081227801641731e+01
1.450618790949135928e+01
1.450618790949135928e+01
1.450618790949135928e+01
1.450618790949135928e+01
1.439583309727651894e+01
1.428409872972085637e+01
1.417113429667296032e+01
1.391331419333282327e+01
1.365216690271374667e+01
1.338983193298992269e+01
1.302165203993411069e+01
1.266393090671432198e+01
1.231202543598305610e+01
1.228419020570001052e+01
1.225641035098234255e+01
1.222869003260848331e+01
1.191547841654546147e+01
1.160801714933123385e+01
1.133139582975650939e+01
1.083482116285255614e+01
1.041951165595259532e+01
1.004349668405240692e+01
9.623681659551941436e+00
9.216730877938099198e+00
8.816489306276643845e+00
8.439526873058021295e+00
8.066408582776361413e+00
7.692681195327425669e+00
7.451493807635841904e+00
7.220647629265248391e+00
7.008439608420630407e+00
6.989872752177257453e+00
6.971559099815992866e+00
6.953496100841997318e+00
6.866730001835965602e+00
6.785118826096821820e+00
6.707538706918827032e+00
6.262577978112707555e+00
5.901935869972420257e+00
5.591217951817017529e+00
5.197012615707132355e+00
4.835284472799516564e+00
4.474940802636178105e+00
4.472103573090651985e+00
4.469322895481461444e+00
4.466600174652096911e+00
4.444155695713947196e+00
4.422865321267703820e+00
4.399075403540944507e+00
4.393088728824142031e+00
4.386800798159264048e+00
4.380214321753777895e+00
4.369794740001998079e+00
4.358802621523903298e+00
4.347331032322059308e+00
4.345379005647574289e+00
4.343416605528091168e+00
4.341444193364825566e+00
4.310824845471603162e+00
4.277881097933438070e+00
4.245202167543718375e+00
4.236465438947523587e+00
4.227709299197272230e+00
4.218907826111765402e+00
4.154475202027607672e+00
4.088066299876661702e+00
4.033961269083247814e+00
3.998819101807500331e+00
3.965347968616194763e+00
3.934918172422049665e+00
3.919761323858192092e+00
3.904921213056908869e+00
3.890495157661297831e+00
3.799807775206103244e+00
3.713564760117517682e+00
3.634796101710660032e+00
3.620607843466286724e+00
3.606542359221942107e+00
3.592603517265732016e+00
3.555266851561977859e+00
3.519001619143852011e+00
3.484139309541039342e+00
3.433793383286280587e+00
3.385629385135205283e+00
3.339086811679460531e+00
3.333967099489461461e+00
3.328856816736447843e+00
3.323755200514161512e+00
3.273080013759831708e+00
3.222624983628757267e+00
3.171818839467779760e+00
3.058429759253570079e+00
2.925511534089584309e+00
2.805073378948685026e+00
2.710529750298904084e+00
2.624477652162551244e+00
2.543857906695431659e+00
2.463409696238602287e+00
2.388815779986994237e+00
2.318086489716896459e+00
2.312710564867944463e+00
2.307366383834875023e+00
2.302055012017971691e+00
2.294152521626098284e+00
2.286334161134006226e+00
2.278607842683173068e+00
2.277329628041314891e+00
2.276054232551337986e+00
2.274781698953789455e+00
2.267115582777681659e+00
2.259680761287443218e+00
2.252369945008210195e+00
2.248166374244667587e+00
2.244009721147340652e+00
2.239901370483212695e+00
2.234691947158938152e+00
2.229564832262893592e+00
2.224520198286482398e+00
2.198108720229441815e+00
2.174016672350798096e+00
2.152039783541448870e+00
2.131947461577846425e+00
2.113448481986115901e+00
2.096236531584711571e+00
2.080016549480634414e+00
2.064538229806620606e+00
2.049562481492058552e+00
2.034865301718843167e+00
2.020282953502353429e+00
2.005666763112591511e+00
1.990884799821859508e+00
1.975872126542864482e+00
1.960580537237405219e+00
1.928927577519408132e+00
1.895339290430782420e+00
1.859188312000667587e+00
1.819286878886778869e+00
1.779354777200186311e+00
1.740565773917474690e+00
1.716592760597015488e+00
1.694379354980489971e+00
1.674243584844354427e+00
1.664781155284098313e+00
1.655971629625831110e+00
1.647832111225036478e+00
1.645791920052490198e+00
1.643800632351046787e+00
1.641859005228822443e+00
1.641646367309868015e+00
1.641434353170061700e+00
1.641222964203974843e+00
1.640802066802762305e+00
1.640383683816753368e+00
1.639967823553875048e+00
1.639554491854364304e+00
1.639143684662884848e+00
1.638735395454719246e+00
1.635556975507820088e+00
1.632524124662023235e+00
1.629621679654174704e+00
1.626152486132601993e+00
1.622825218158536753e+00
1.619601734552947203e+00
1.619124815234733283e+00
1.618649300304138894e+00
1.618175117259702533e+00
1.582847735616901286e+00
1.552414025045108836e+00
1.523233201913809953e+00
1.504740178953254626e+00
1.485517381739596576e+00
1.465715490290611100e+00
1.452265573910024532e+00
1.438662587777725932e+00
1.424943994435418970e+00
1.390266364912223551e+00
1.354958495517860628e+00
1.318876836190926660e+00
1.288570250648646276e+00
1.261768396142647353e+00
1.242627715869402572e+00
1.241978569878301908e+00
1.241358960758969676e+00
1.240771614814667245e+00
1.240714759543080969e+00
1.240658256251515379e+00
1.240602106963370588e+00
1.240060373874457111e+00
1.239555317405122814e+00
1.239088004629666173e+00
1.238868756320236741e+00
1.238658868232301646e+00
1.238457997930765497e+00
1.237940291845775587e+00
1.237481111424174607e+00
1.237070968473996668e+00
1.235309414876002876e+00
1.234323395452654015e+00
1.233396138340565384e+00
1.230152807796799808e+00
1.225241949804443564e+00
1.219387669493471549e+00
1.207883474273965474e+00
1.197269100807500930e+00
1.187435522640090113e+00
1.172928544269423501e+00
1.161827577715908832e+00
1.150160904388996652e+00
1.146704075938813627e+00
1.139912310785428762e+00
1.134737549991652106e+00
1.114369958489363377e+00
1.088301501608232469e+00
1.066619045966434642e+00
1.065004324747215403e+00
1.063851200609158720e+00
1.062916870941531311e+00
1.062804524552661167e+00
1.062694960355682561e+00
1.062586824290342902e+00
1.062441867029395137e+00
1.062301387111320716e+00
1.062161025133615100e+00
1.061670352983140386e+00
1.061288548065891568e+00
1.060836311313506419e+00
1.060757977486438852e+00
1.060679614234730117e+00
1.060601209204278916e+00
1.058941888487205718e+00
1.057150783378104197e+00
1.055302389260623919e+00
1.052658382046668617e+00
1.049986801999886143e+00
1.047444964597816774e+00
1.043289483546155028e+00
1.039098892145041919e+00
1.034968991354855650e+00
1.030884376016105941e+00
1.026834457891788066e+00
1.022827176753495770e+00
1.018870246399956603e+00
1.014970466625202405e+00
1.011134412173948949e+00
1.007367625501951913e+00
1.003671505621523075e+00
1.000046419668040087e+00
9.964919886083818401e-01
9.930048328273076708e-01
9.895808262279253142e-01
9.862158079332887795e-01
9.829054636594749539e-01
9.796454437179850094e-01
9.764320293193478051e-01
9.732640138532528962e-01
9.701408212446391843e-01
9.670627654181414012e-01
9.640337104054319539e-01
9.610584105216790629e-01
9.604702210386428796e-01
9.598844175188046002e-01
9.593010454111187135e-01
9.569927845526752241e-01
9.547270894170006850e-01
9.525068976649214703e-01
9.497994790288454281e-01
9.471696185561524484e-01
9.446191874426763668e-01
9.441187901489074275e-01
9.436216141487965281e-01
9.431276285113463498e-01
9.411825019961910233e-01
9.392831333900824031e-01
9.374247315191698293e-01
9.351516364880573251e-01
9.329232812301259115e-01
9.307278814926036592e-01
9.285541564396336822e-01
9.263928301340840221e-01
9.242351286696144363e-01
9.220732578678521030e-01
9.199033398671813133e-01
9.177224757543113176e-01
9.155289316735150118e-01
9.133256347263922770e-01
9.111166771637859707e-01
9.084652339059492432e-01
9.058246995035308391e-01
9.032082431564500968e-01
9.014836559717602782e-01
8.997785419769671611e-01
8.980958196701285257e-01
8.940028846996672662e-01
8.900942675510854496e-01
8.863961426703670377e-01
8.846342127356625618e-01
8.829347591096270431e-01
8.813010814146544636e-01
8.797366110169914100e-01
8.782452924405992345e-01
8.768312024054509823e-01
8.742520615970785780e-01
8.720370129225472056e-01
8.702250005476714900e-01
8.693465102519972731e-01
8.686297340438389192e-01
8.680772515068938544e-01
8.678012634670603243e-01
8.675988906478899754e-01
8.674695787685406945e-01
8.674125900878890683e-01
8.674264433910948702e-01
8.675094739224660234e-01
8.677592932186254382e-01
8.681506294444736316e-01
8.686731031322432184e-01
8.698031693269214770e-01
8.711968552011365441e-01
8.727823772258536117e-01
8.736247169307036486e-01
8.744884568248458834e-01
8.753649717175286948e-01
8.762459876968342609e-01
8.771246308475459941e-01
8.779943775935269423e-01
8.786796395021545525e-01
8.793532145063420735e-01
8.800132842078415285e-01
8.809747570920163362e-01
8.818996265105595311e-01
8.827857662667343286e-01
8.841721470090720958e-01
8.854431356262570940e-01
8.865968191209482319e-01
8.876333889135060717e-01
8.885615003668936307e-01
8.893919160538410473e-01
8.901392506003500404e-01
8.908335596218296404e-01
8.915087628708890932e-01
8.918493795582767003e-01
8.921954066150050711e-01
8.925485497231628873e-01
8.926201816109985421e-01
8.926921748979227411e-01
8.927645380610542691e-01
8.930578076447157621e-01
8.933573653099515788e-01
8.936634460696994964e-01
8.944569666862252078e-01
8.952858230715373677e-01
8.961431311230954044e-01
8.970253542233588284e-01
8.979422783324912949e-01
8.989070376045362742e-01
8.999325562694606706e-01
9.010308443249090971e-01
9.022137078577490144e-01
9.029685142390595498e-01
9.037580003987319976e-01
9.045821418168971118e-01
9.051508844089198869e-01
9.057354477254897507e-01
9.063362599713303824e-01
9.071109173388329783e-01
9.079133032087307598e-01
9.087450890107526824e-01
9.096077010460050793e-01
9.105015771681692627e-01
9.114269102303035330e-01
9.133691682683636737e-01
9.154182513165299850e-01
9.175544110157642930e-01
9.197557650935521689e-01
9.219917859738309129e-01
9.242297977277733612e-01
9.246747885729967864e-01
9.251184363188021953e-01
9.255606248351654353e-01
9.260012953342647846e-01
9.264406183950666396e-01
9.268788219397834371e-01
9.277531056207488636e-01
9.286275870389041343e-01
9.295060305470016493e-01
9.299479150279792439e-01
9.303922046945196644e-01
9.308393730665867061e-01
9.331302935221579276e-01
9.355361684446846793e-01
9.380881833588451402e-01
9.394283611543858825e-01
9.408144468197048305e-01
9.422480092340466129e-01
9.437303289295237985e-01
9.452615219229796306e-01
9.468414159685170084e-01
9.529260973469910745e-01
9.596106547321344715e-01
9.668665478996716356e-01
9.677067891993721416e-01
9.685535976228332178e-01
9.694068324453446461e-01
9.702663364559174219e-01
9.711318862429020315e-01
9.720032419044873917e-01
9.755410105629239714e-01
9.791469958982751409e-01
9.828003722481026827e-01
9.874009051390002512e-01
9.919955870974588308e-01
9.965370483931313972e-01
9.987732759128062909e-01
1.000979980932267477e+00
1.003152787728904149e+00
1.005287856915423550e+00
1.007383498752502327e+00
1.009438559461060425e+00
1.013431436358950943e+00
1.017302838999373460e+00
1.021098221612358525e+00
1.021852216781867551e+00
1.022605603664756835e+00
1.023358996994745418e+00
1.026387316621471202e+00
1.029479244378501690e+00
1.032688464219850610e+00
1.033515313308516870e+00
1.034353232813713719e+00
1.035202605902910022e+00
1.038716727196537626e+00
1.042411344920317617e+00
1.046277598342026272e+00
1.051327752465440746e+00
1.056551634447748800e+00
1.061868639747453269e+00
1.064536033547159866e+00
1.067191383523501180e+00
1.069819506797482278e+00
1.072405722033964892e+00
1.074937355886464996e+00
1.077402234710548523e+00
1.081180989587117836e+00
1.084732945853124075e+00
1.088033339640866792e+00
1.088816337791771671e+00
1.089582346787246525e+00
1.090331649858476526e+00
1.093851811423701470e+00
1.097082723762236256e+00
1.100145650821276355e+00
1.101350913736619530e+00
1.102556286579171374e+00
1.103769360398116017e+00
1.105619312358741668e+00
1.107525068646326716e+00
1.109508031416988505e+00
1.113037151002790326e+00
1.116906130348483295e+00
1.121180984840568051e+00
1.122090442155385004e+00
1.123019094670096418e+00
1.123967258086865373e+00
1.125426612379035962e+00
1.126930654795937237e+00
1.128479464171487479e+00
1.131159360148659587e+00
1.133957291760333996e+00
1.136866727599131988e+00
1.142986820014090910e+00
1.149431508516004286e+00
1.156105552740264164e+00
1.157459492122408840e+00
1.158817940850007222e+00
1.160180041099513115e+00
1.165647346102384407e+00
1.171101721227188142e+00
1.176485538088531957e+00
1.183034316790853691e+00
1.189306398581707835e+00
1.195225330635906413e+00
1.200720246965273574e+00
1.205742848731935712e+00
1.210250392387485885e+00
1.212299049919014937e+00
1.214211396400780796e+00
1.215990591526941556e+00
1.217641619174164802e+00
1.219176784457304263e+00
1.220610217727150060e+00
1.223240782910222757e+00
1.225708269998190714e+00
1.228200001415431952e+00
1.230904615842976835e+00
1.234016029146609572e+00
1.237729572001393219e+00
1.238561570390653621e+00
1.239426044157360352e+00
1.240323564842459092e+00
1.244244718265643979e+00
1.248675386705867529e+00
1.253587262989456885e+00
1.260345130837822403e+00
1.267661725231369996e+00
1.275388127482809164e+00
1.279359521268454980e+00
1.283383702166875917e+00
1.287448213292972543e+00
1.291541880636374984e+00
1.295658654197473503e+00
1.299793765745140828e+00
1.308112481416873862e+00
1.316522635684979292e+00
1.325061405392099267e+00
1.333757451679409956e+00
1.342605282176335013e+00
1.351590898522796458e+00
1.358864511884184445e+00
1.366182016913652708e+00
1.373508066009029083e+00
1.375336776921500803e+00
1.377163293237257502e+00
1.378987095291473119e+00
1.382624623853162316e+00
1.386245934793455703e+00
1.389847745812652580e+00
1.395207614978534627e+00
1.400510518889998002e+00
1.405750749632699304e+00
1.410066058838928438e+00
1.414333250150897836e+00
1.418551693182415363e+00
1.421059128524226445e+00
1.423548840826631912e+00
1.426020883900987357e+00
1.427659111001384762e+00
1.429289453832012224e+00
1.430911857270614096e+00
1.435730436166478441e+00
1.440472912558966589e+00
1.445135129754204772e+00
1.448196767838590748e+00
1.451220473443002756e+00
1.454205833548503080e+00
1.461503579441677303e+00
1.468581540455401235e+00
1.475462134283858529e+00
1.482175489785482636e+00
1.488782725787505479e+00
1.495352694159822526e+00
1.501953576023389747e+00
1.508650907364980975e+00
1.515509586743964299e+00
1.519019159496574289e+00
1.522590039748049406e+00
1.526226967586956196e+00
1.529934204482231941e+00
1.533714084994967308e+00
1.537568465442261445e+00
1.543893722539227520e+00
1.550413963206946466e+00
1.557128716505780996e+00
1.558837729097926950e+00
1.560558768003496688e+00
1.562291730270886525e+00
1.571130082483493284e+00
1.580240855237809772e+00
1.589601016618845675e+00
1.608972474704307487e+00
1.629035303209249719e+00
1.649575815675074608e+00
1.654760534395565141e+00
1.659958135121175626e+00
1.665164973310739649e+00
1.680805399481280160e+00
1.696403339219055173e+00
1.711865937575651975e+00
1.717992224323293682e+00
1.724075771498672527e+00
1.730110357909573349e+00
1.734103188452383204e+00
1.738069931167605553e+00
1.742009024346643065e+00
1.751729413629308896e+00
1.761266062946342803e+00
1.770617766498788992e+00
1.779786342196314042e+00
1.788785843186523783e+00
1.797633350555005283e+00
1.802005316098375776e+00
1.806344964301811906e+00
1.810653712900033518e+00
1.814932727126705725e+00
1.819182167998434796e+00
1.823401944096483263e+00
1.828426696117388728e+00
1.833410289763729217e+00
1.838354414582519247e+00
1.849748258982384819e+00
1.860967211367980267e+00
1.872042003566650514e+00
1.891549743151896612e+00
1.910831851313660179e+00
1.930024236452959174e+00
1.941552496482854107e+00
1.953123312384342558e+00
1.964762708789857593e+00
1.966321191677404379e+00
1.967881313778935493e+00
1.969443032066250598e+00
1.975703976085846802e+00
1.981980834544541548e+00
1.988264672410955392e+00
1.996114200983571729e+00
2.003934389623227563e+00
2.011698943837950448e+00
2.023181715695913763e+00
2.034378100450266569e+00
2.045185914897789115e+00
2.048684739799744747e+00
2.052126794388180908e+00
2.055509856853316553e+00
2.060795702533784191e+00
2.065922929002259600e+00
2.070889608941461901e+00
2.078037134822605658e+00
2.084829199722067816e+00
2.091275839588181640e+00
2.101287465976847457e+00
2.110460101817354328e+00
2.118885897375221816e+00
2.120886460918679717e+00
2.122848019376575301e+00
2.124772531559764310e+00
2.126662006316441200e+00
2.128518660848646604e+00
2.130344762645950851e+00
2.133914213162169560e+00
2.137387686842242118e+00
2.140782328325597561e+00
2.142121950571856726e+00
2.143452814202145618e+00
2.144776034122972241e+00
2.146749039422935823e+00
2.148711531389670526e+00
2.150667685722186029e+00
2.153925345728921137e+00
2.157197213028671179e+00
2.160503499963354557e+00
2.165572746226684053e+00
2.170839542295816216e+00
2.176378578010853992e+00
2.178298219022036353e+00
2.180258439938964621e+00
2.182261264665952716e+00
2.184723457571873251e+00
2.187251703604192965e+00
2.189847793561381817e+00
2.196174259404109375e+00
2.202872735515003288e+00
2.209936215793447012e+00
2.220623665912040856e+00
2.231885535246082242e+00
2.243565721018895509e+00
2.246532836076561956e+00
2.249513775990009012e+00
2.252505963558491864e+00
2.261525889822573188e+00
2.270564150696189110e+00
2.279560990436757528e+00
2.281945652253809520e+00
2.284322784357499359e+00
2.286692057179107174e+00
2.290230823885687883e+00
2.293751943941098492e+00
2.297256193854065209e+00
2.303062569634064083e+00
2.308835890288305048e+00
2.314587793652552516e+00
2.323201560641111385e+00
2.331836374129437228e+00
2.340535276084900751e+00
2.343456490831625327e+00
2.346390623970805223e+00
2.349338693767584196e+00
2.354086654883361440e+00
2.358874188834276353e+00
2.363702584824774355e+00
2.364916218172168350e+00
2.366132496879460589e+00
2.367351431776631987e+00
2.373484629909363264e+00
2.379675668408755662e+00
2.385915713664294113e+00
2.398501639334515545e+00
2.411142448690686724e+00
2.423732184280199320e+00
2.426859310414929194e+00
2.429975621729750124e+00
2.433080130948764630e+00
2.442317305732579324e+00
2.451438703727117474e+00
2.460443546080671950e+00
2.464012571520997064e+00
2.467562278614685578e+00
2.471092138390799775e+00
2.473434014192948283e+00
2.475766223585298409e+00
2.478088156999052494e+00
2.483842912793199353e+00
2.489513389581042624e+00
2.495083317517071464e+00
2.498370107207715130e+00
2.501610568657377520e+00
2.504800434934817410e+00
2.509480691614691672e+00
2.514021076419381107e+00
2.518405136861558091e+00
2.520767088500253106e+00
2.523072740329311614e+00
2.525319125674448273e+00
2.527932461593526803e+00
2.530451565383607715e+00
2.532871817335738740e+00
2.538111610733808199e+00
2.542746876934214750e+00
2.546736174569737443e+00
2.551239762295167246e+00
2.554265037964930318e+00
2.555735716583510619e+00
2.555851525444827299e+00
2.555864953745495605e+00
2.555775642788489677e+00
2.555062918583590914e+00
2.553664223919919873e+00
2.551590281999405185e+00
2.551211957556058785e+00
2.550817990720101847e+00
2.550408474157332517e+00
2.548617314381067089e+00
2.546588066590130595e+00
2.544329919643805837e+00
2.543730691765400120e+00
2.543117880802217456e+00
2.542491637768043766e+00
2.539164435152713395e+00
2.535525309644689251e+00
2.531594287797942933e+00
2.525195050563294075e+00
2.518256865194490324e+00
2.510852339606636008e+00
2.508292993933094017e+00
2.505692282919535163e+00
2.503052618902690263e+00
2.499836958775467188e+00
2.496572609108032026e+00
2.493263497740311863e+00
2.485391039778056310e+00
2.477351059584941950e+00
2.469198266701729150e+00
2.457455219535442659e+00
2.445699822779552779e+00
2.434038318606408069e+00
2.431149894465851613e+00
2.428274682252095751e+00
2.425413391795526508e+00
2.421431930498305185e+00
2.417478726227973329e+00
2.413553358261888437e+00
2.409100025638819531e+00
2.404677411750149041e+00
2.400280426145473101e+00
2.396996459885155861e+00
2.393722001403371102e+00
2.390455005797456067e+00
2.388280222687832577e+00
2.386107710349824274e+00
2.383937331806532001e+00
2.378521032601981222e+00
2.373122338373738316e+00
2.367746365649556761e+00
2.359740404789711032e+00
2.351839620506144257e+00
2.344086561456527384e+00
2.341542317739917500e+00
2.339020351998838620e+00
2.336521800384469216e+00
2.334540522668310913e+00
2.332575188981237169e+00
2.330626031091521888e+00
2.322991616737917209e+00
2.315609514947629233e+00
2.308469581439219986e+00
2.301558977640805193e+00
2.294853870392008055e+00
2.288327710061990317e+00
2.286721017833675429e+00
2.285123411094085455e+00
2.283534448670928363e+00
2.281559745996511346e+00
2.279597097249386639e+00
2.277645738875730519e+00
2.271852808330226736e+00
2.266140227257988471e+00
2.260493588204200766e+00
2.257504114151427821e+00
2.254527613391942076e+00
2.251562404076598689e+00
2.250822669182070968e+00
2.250083511446733908e+00
2.249344907585372422e+00
2.245659428843781225e+00
2.241984586713811733e+00
2.238317745577442786e+00
2.232827014735024207e+00
2.227341267461036445e+00
2.221853387310898764e+00
2.220022366213536102e+00
2.218189948050325988e+00
2.216355768169091967e+00
2.214151915561841655e+00
2.211944386424884890e+00
2.209732565699007889e+00
2.206035224805000361e+00
2.202322821063796177e+00
2.198593913268177324e+00
2.197097394537356863e+00
2.195597854249514924e+00
2.194095143724192454e+00
2.186528343382210249e+00
2.178856981928194436e+00
2.171059249199185359e+00
2.169087511010729941e+00
2.167106279320582196e+00
2.165115336304225480e+00
2.159082759895099457e+00
2.152959125281714847e+00
2.146742657262085352e+00
2.142546135640538196e+00
2.138308657897182385e+00
2.134031338374821729e+00
2.133171191213493412e+00
2.132309509182468865e+00
2.131446307184047040e+00
2.127978642845503643e+00
2.124488121454645828e+00
2.120975960582840436e+00
2.114337447332389708e+00
2.107640451924428948e+00
2.100898236479002090e+00
2.098643138130767305e+00
2.096385415150578524e+00
2.094126000881717076e+00
2.093221976056143241e+00
2.092317922612592085e+00
2.091413933300158234e+00
2.084199939269110402e+00
2.077070355612466557e+00
2.070099546099489540e+00
2.069243062362354113e+00
2.068390360510185211e+00
2.067541579202487156e+00
2.059298330368006802e+00
2.051590343492564195e+00
2.044547325001983218e+00
2.042905623018683059e+00
2.041315079577194602e+00
2.039777159256448424e+00
2.035491073936675388e+00
2.031715090201079654e+00
2.028472722185546750e+00
2.028081988704506067e+00
2.027701163816333363e+00
2.027330247495065407e+00
2.026276715412941520e+00
2.025310954419611065e+00
2.024431564218188484e+00
2.024157384159734896e+00
2.023892579912271561e+00
2.023637085517810519e+00
2.023153745864997965e+00
2.022706754180346955e+00
2.022295483677700290e+00
2.021744148270277819e+00
2.021269439506959475e+00
2.020869024356300336e+00
2.020177452610772306e+00
2.019897613713498963e+00
2.019991619892152368e+00
2.020051959660624341e+00
2.020125441400980826e+00
2.020211763089034829e+00
2.020276297494167927e+00
2.020346329201734292e+00
2.020421783055196485e+00
2.020680056305161010e+00
2.020985205687392483e+00
2.021335986719491551e+00
2.022326776740396070e+00
2.023554420088002903e+00
2.025014162524323424e+00
2.025241374798676830e+00
2.025473242050705558e+00
2.025709778200022626e+00
2.026196943423283159e+00
2.026703134447294552e+00
2.027228646161947090e+00
2.028483594992598782e+00
2.029843477509488903e+00
2.031313935201320753e+00
2.032180630710362479e+00
2.033083652237356098e+00
2.034023453396624603e+00
2.035000331498372894e+00
2.036013953263378085e+00
2.037063829121565028e+00
2.037278110572935841e+00
2.037493811245082220e+00
2.037710919714845303e+00
2.040888458048633058e+00
2.044287957095974662e+00
2.047857757210760354e+00
2.050482571230064721e+00
2.053144821317978597e+00
2.055821386740937395e+00
2.056356383856564829e+00
2.056890850428876760e+00
2.057424608303101810e+00
2.057957481818232459e+00
2.058489305355681864e+00
2.059019915787027699e+00
2.060603021057045403e+00
2.062170438842610309e+00
2.063718865449292394e+00
2.067243042118486862e+00
2.070625433510930424e+00
2.073845550035273710e+00
