2.999999999999999889e-01
3.049999999999999933e-01
3.099999999999999978e-01
3.150000000000000022e-01
3.183333333333333570e-01
3.216666666666666563e-01
3.250000000000000111e-01
3.283333333333333659e-01
3.316666666666666652e-01
3.350000000000000200e-01
3.383333333333333193e-01
3.416666666666666741e-01
3.449999999999999734e-01
3.483333333333333282e-01
3.516666666666666274e-01
3.549999999999999822e-01
3.583333333333333370e-01
3.616666666666666363e-01
3.649999999999999911e-01
3.683333333333333459e-01
3.716666666666666452e-01
3.750000000000000000e-01
3.783333333333333548e-01
3.816666666666666541e-01
3.850000000000000089e-01
3.883333333333333637e-01
3.916666666666666630e-01
3.950000000000000178e-01
3.983333333333333726e-01
4.016666666666666718e-01
4.050000000000000266e-01
4.083333333333333259e-01
4.116666666666666807e-01
4.149999999999999800e-01
4.183333333333333348e-01
4.216666666666666341e-01
4.249999999999999889e-01
4.283333333333333437e-01
4.316666666666666430e-01
4.349999999999999978e-01
4.383333333333333526e-01
4.416666666666666519e-01
4.450000000000000067e-01
4.483333333333333615e-01
4.516666666666666607e-01
4.550000000000000155e-01
4.583333333333333703e-01
4.616666666666666696e-01
4.650000000000000244e-01
4.683333333333333237e-01
4.716666666666666785e-01
4.749999999999999778e-01
4.783333333333333326e-01
4.816666666666666319e-01
4.849999999999999867e-01
4.883333333333333415e-01
4.916666666666666408e-01
4.949999999999999956e-01
4.969999999999999973e-01
4.989999999999999991e-01
5.010000000000000009e-01
5.016666666666667052e-01
5.023333333333332984e-01
5.030000000000000027e-01
5.036666666666667069e-01
5.043333333333333002e-01
5.050000000000000044e-01
5.056666666666667087e-01
5.063333333333333020e-01
5.070000000000000062e-01
5.076666666666667105e-01
5.083333333333333037e-01
5.090000000000000080e-01
5.096666666666667123e-01
5.103333333333333055e-01
5.110000000000000098e-01
5.116666666666667140e-01
5.123333333333333073e-01
5.130000000000000115e-01
5.136666666666667158e-01
5.143333333333333091e-01
5.150000000000000133e-01
5.156666666666667176e-01
5.163333333333333108e-01
5.170000000000000151e-01
5.176666666666667194e-01
5.183333333333333126e-01
5.190000000000000169e-01
5.196666666666667211e-01
5.203333333333333144e-01
5.210000000000000187e-01
5.216666666666667229e-01
5.223333333333333162e-01
5.230000000000000204e-01
5.236666666666667247e-01
5.243333333333333179e-01
5.250000000000000222e-01
5.256666666666667265e-01
5.263333333333333197e-01
5.270000000000000240e-01
5.276666666666667282e-01
5.283333333333333215e-01
5.290000000000000258e-01
5.296666666666667300e-01
5.303333333333333233e-01
5.310000000000000275e-01
5.316666666666667318e-01
5.323333333333333250e-01
5.330000000000000293e-01
5.336666666666667336e-01
5.343333333333333268e-01
5.350000000000000311e-01
5.356666666666667354e-01
5.363333333333333286e-01
5.370000000000000329e-01
5.376666666666667371e-01
5.383333333333333304e-01
5.390000000000000346e-01
5.396666666666667389e-01
5.403333333333333321e-01
5.410000000000000364e-01
5.416666666666667407e-01
5.423333333333333339e-01
5.430000000000000382e-01
5.436666666666667425e-01
5.443333333333333357e-01
5.450000000000000400e-01
5.456666666666667442e-01
5.463333333333333375e-01
5.470000000000000417e-01
5.476666666666667460e-01
5.483333333333333393e-01
5.490000000000000435e-01
5.496666666666667478e-01
5.503333333333333410e-01
5.510000000000000453e-01
5.516666666666667496e-01
5.523333333333333428e-01
5.530000000000000471e-01
5.536666666666667513e-01
5.543333333333333446e-01
5.550000000000000488e-01
5.556666666666667531e-01
5.563333333333333464e-01
5.570000000000000506e-01
5.576666666666667549e-01
5.583333333333333481e-01
5.590000000000000524e-01
5.596666666666667567e-01
5.603333333333333499e-01
5.610000000000000542e-01
5.616666666666666474e-01
5.623333333333333517e-01
5.629999999999999449e-01
5.636666666666666492e-01
5.643333333333332424e-01
5.649999999999999467e-01
5.656666666666666510e-01
5.663333333333332442e-01
5.669999999999999485e-01
5.676666666666666528e-01
5.683333333333332460e-01
5.689999999999999503e-01
5.696666666666666545e-01
5.703333333333332478e-01
5.709999999999999520e-01
5.716666666666666563e-01
5.723333333333332495e-01
5.729999999999999538e-01
5.736666666666666581e-01
5.743333333333332513e-01
5.749999999999999556e-01
5.756666666666666599e-01
5.763333333333332531e-01
5.769999999999999574e-01
5.776666666666666616e-01
5.783333333333332549e-01
5.789999999999999591e-01
5.796666666666666634e-01
5.803333333333332567e-01
5.809999999999999609e-01
5.816666666666666652e-01
5.823333333333332584e-01
5.829999999999999627e-01
5.836666666666666670e-01
5.843333333333332602e-01
5.849999999999999645e-01
5.856666666666666687e-01
5.863333333333332620e-01
5.869999999999999662e-01
5.876666666666666705e-01
5.883333333333332638e-01
5.889999999999999680e-01
5.896666666666666723e-01
5.903333333333332655e-01
5.909999999999999698e-01
5.916666666666666741e-01
5.923333333333332673e-01
5.929999999999999716e-01
5.936666666666666758e-01
5.943333333333332691e-01
5.949999999999999734e-01
5.956666666666666776e-01
5.963333333333332709e-01
5.969999999999999751e-01
5.976666666666666794e-01
5.983333333333332726e-01
5.989999999999999769e-01
5.992866666666666342e-01
5.995733333333332915e-01
5.998599999999999488e-01
5.999066666666665881e-01
5.999533333333333385e-01
5.999999999999999778e-01
6.003333333333332744e-01
6.006666666666666821e-01
6.009999999999999787e-01
6.016666666666666829e-01
6.023333333333332762e-01
6.029999999999999805e-01
6.036666666666666847e-01
6.043333333333332780e-01
6.049999999999999822e-01
6.056666666666666865e-01
6.063333333333332797e-01
6.069999999999999840e-01
6.076666666666666883e-01
6.083333333333332815e-01
6.089999999999999858e-01
6.096666666666666901e-01
6.103333333333332833e-01
6.109999999999999876e-01
6.115000000000000435e-01
6.119999999999999885e-01
6.125000000000000444e-01
6.126666666666666927e-01
6.128333333333333410e-01
6.129999999999999893e-01
6.136666666666666936e-01
6.143333333333332869e-01
6.149999999999999911e-01
6.156666666666666954e-01
6.163333333333332886e-01
6.169999999999999929e-01
6.176666666666666972e-01
6.183333333333332904e-01
6.189999999999999947e-01
6.196666666666666989e-01
6.203333333333332922e-01
6.209999999999999964e-01
6.216666666666667007e-01
6.223333333333332940e-01
6.229999999999999982e-01
6.236666666666667025e-01
6.243333333333332957e-01
6.250000000000000000e-01
6.256666666666667043e-01
6.263333333333332975e-01
6.270000000000000018e-01
6.276666666666667060e-01
6.283333333333332993e-01
6.290000000000000036e-01
6.293333333333333002e-01
6.296666666666667078e-01
6.300000000000000044e-01
6.303333333333333011e-01
6.306666666666667087e-01
6.310000000000000053e-01
6.316666666666667096e-01
6.323333333333333028e-01
6.330000000000000071e-01
6.336666666666667114e-01
6.343333333333333046e-01
6.350000000000000089e-01
6.356666666666667131e-01
6.363333333333333064e-01
6.370000000000000107e-01
6.371666666666666590e-01
6.373333333333333073e-01
6.374999999999999556e-01
6.380000000000000115e-01
6.384999999999999565e-01
6.390000000000000124e-01
6.396666666666667167e-01
6.403333333333333099e-01
6.410000000000000142e-01
6.416666666666667185e-01
6.423333333333333117e-01
6.430000000000000160e-01
6.436666666666667203e-01
6.443333333333333135e-01
6.450000000000000178e-01
6.456666666666667220e-01
6.463333333333333153e-01
6.470000000000000195e-01
6.476666666666667238e-01
6.483333333333333171e-01
6.490000000000000213e-01
6.496666666666667256e-01
6.503333333333333188e-01
6.510000000000000231e-01
6.516666666666667274e-01
6.523333333333333206e-01
6.530000000000000249e-01
6.536666666666667291e-01
6.543333333333333224e-01
6.550000000000000266e-01
6.556666666666667309e-01
6.563333333333333242e-01
6.570000000000000284e-01
6.576666666666667327e-01
6.583333333333333259e-01
6.590000000000000302e-01
6.593333333333333268e-01
6.596666666666667345e-01
6.600000000000000311e-01
6.603333333333333277e-01
6.606666666666667354e-01
6.610000000000000320e-01
6.616666666666667362e-01
6.623333333333333295e-01
6.630000000000000338e-01
6.636666666666667380e-01
6.643333333333333313e-01
6.650000000000000355e-01
6.656666666666667398e-01
6.663333333333333330e-01
6.670000000000000373e-01
6.676666666666667416e-01
6.683333333333333348e-01
6.690000000000000391e-01
6.696666666666667433e-01
6.703333333333333366e-01
6.710000000000000409e-01
6.716666666666667451e-01
6.723333333333333384e-01
6.730000000000000426e-01
6.736666666666667469e-01
6.743333333333333401e-01
6.750000000000000444e-01
6.756666666666667487e-01
6.763333333333333419e-01
6.770000000000000462e-01
6.776666666666667505e-01
6.783333333333333437e-01
6.790000000000000480e-01
6.796666666666667522e-01
6.803333333333333455e-01
6.810000000000000497e-01
6.816666666666667540e-01
6.823333333333333472e-01
6.830000000000000515e-01
6.836666666666667558e-01
6.843333333333333490e-01
6.850000000000000533e-01
6.856666666666667576e-01
6.863333333333333508e-01
6.870000000000000551e-01
6.871666666666667034e-01
6.873333333333333517e-01
6.875000000000000000e-01
6.879999999999999449e-01
6.885000000000000009e-01
6.889999999999999458e-01
6.893333333333332424e-01
6.896666666666666501e-01
6.899999999999999467e-01
6.903333333333332433e-01
6.906666666666666510e-01
6.909999999999999476e-01
6.916666666666666519e-01
6.923333333333332451e-01
6.929999999999999494e-01
6.936666666666666536e-01
6.943333333333332469e-01
6.949999999999999512e-01
6.956666666666666554e-01
6.963333333333332487e-01
6.969999999999999529e-01
6.976666666666666572e-01
6.983333333333332504e-01
6.989999999999999547e-01
6.996666666666666590e-01
7.003333333333332522e-01
7.009999999999999565e-01
7.016666666666666607e-01
7.023333333333332540e-01
7.029999999999999583e-01
7.036666666666666625e-01
7.043333333333332558e-01
7.049999999999999600e-01
7.056666666666666643e-01
7.063333333333332575e-01
7.069999999999999618e-01
7.076666666666666661e-01
7.083333333333332593e-01
7.089999999999999636e-01
7.096666666666666679e-01
7.103333333333332611e-01
7.109999999999999654e-01
7.116666666666666696e-01
7.123333333333332629e-01
7.129999999999999671e-01
7.136666666666666714e-01
7.143333333333332646e-01
7.149999999999999689e-01
7.156666666666666732e-01
7.163333333333332664e-01
7.169999999999999707e-01
7.176666666666666750e-01
7.183333333333332682e-01
7.189999999999999725e-01
7.193333333333332691e-01
7.196666666666666767e-01
7.199999999999999734e-01
7.203333333333332700e-01
7.206666666666666776e-01
7.209999999999999742e-01
7.216666666666666785e-01
7.223333333333332718e-01
7.229999999999999760e-01
7.236666666666666803e-01
7.243333333333332735e-01
7.249999999999999778e-01
7.256666666666666821e-01
7.263333333333332753e-01
7.269999999999999796e-01
7.276666666666666838e-01
7.283333333333332771e-01
7.289999999999999813e-01
7.296666666666666856e-01
7.303333333333332789e-01
7.309999999999999831e-01
7.316666666666666874e-01
7.323333333333332806e-01
7.329999999999999849e-01
7.336666666666666892e-01
7.343333333333332824e-01
7.349999999999999867e-01
7.356666666666666909e-01
7.363333333333332842e-01
7.369999999999999885e-01
7.371666666666666368e-01
7.373333333333333961e-01
7.375000000000000444e-01
7.379999999999999893e-01
7.385000000000000453e-01
7.389999999999999902e-01
7.396666666666666945e-01
7.403333333333332877e-01
7.409999999999999920e-01
7.416666666666666963e-01
7.423333333333332895e-01
7.429999999999999938e-01
7.436666666666666980e-01
7.443333333333332913e-01
7.449999999999999956e-01
7.456666666666666998e-01
7.463333333333332931e-01
7.469999999999999973e-01
7.476666666666667016e-01
7.483333333333332948e-01
7.489999999999999991e-01
7.492633333333332812e-01
7.495266666666666744e-01
7.497899999999999565e-01
7.498599999999999710e-01
7.499299999999999855e-01
7.500000000000000000e-01
7.500666666666666593e-01
7.501333333333333186e-01
7.501999999999999780e-01
7.502199999999999980e-01
7.502400000000000180e-01
7.502600000000000380e-01
7.503066666666666773e-01
7.503533333333333166e-01
7.503999999999999559e-01
7.505999999999999339e-01
7.508000000000000229e-01
7.510000000000000009e-01
7.516666666666667052e-01
7.523333333333332984e-01
7.530000000000000027e-01
7.536666666666667069e-01
7.543333333333333002e-01
7.550000000000000044e-01
7.556666666666667087e-01
7.563333333333333020e-01
7.570000000000000062e-01
7.576666666666667105e-01
7.583333333333333037e-01
7.590000000000000080e-01
7.592633333333332901e-01
7.595266666666666833e-01
7.597899999999999654e-01
7.598599999999999799e-01
7.599299999999999944e-01
7.600000000000000089e-01
7.600599999999999579e-01
7.601200000000000179e-01
7.601799999999999669e-01
7.602166666666666517e-01
7.602533333333333365e-01
7.602900000000000214e-01
7.603266666666667062e-01
7.603633333333332800e-01
7.603999999999999648e-01
7.605999999999999428e-01
7.608000000000000318e-01
7.610000000000000098e-01
7.616666666666667140e-01
7.623333333333333073e-01
7.630000000000000115e-01
7.632633333333332937e-01
7.635266666666666868e-01
7.637899999999999689e-01
7.638599999999999834e-01
7.639299999999999979e-01
7.640000000000000124e-01
7.640566666666667173e-01
7.641133333333333111e-01
7.641700000000000159e-01
7.642166666666666552e-01
7.642633333333334056e-01
7.643100000000000449e-01
7.643400000000000194e-01
7.643699999999999939e-01
7.643999999999999684e-01
7.645999999999999464e-01
7.648000000000000353e-01
7.650000000000000133e-01
7.656666666666667176e-01
7.663333333333333108e-01
7.670000000000000151e-01
7.676666666666667194e-01
7.683333333333333126e-01
7.690000000000000169e-01
7.692633333333332990e-01
7.695266666666666922e-01
7.697899999999999743e-01
7.698599999999999888e-01
7.699300000000000033e-01
7.700000000000000178e-01
7.700366666666667026e-01
7.700733333333332764e-01
7.701099999999999612e-01
7.702066666666665951e-01
7.703033333333333399e-01
7.703999999999999737e-01
7.705999999999999517e-01
7.708000000000000407e-01
7.710000000000000187e-01
7.716666666666667229e-01
7.723333333333333162e-01
7.730000000000000204e-01
7.730666666666666798e-01
7.731333333333333391e-01
7.731999999999999984e-01
7.733966666666666212e-01
7.735933333333333550e-01
7.737899999999999778e-01
7.738599999999999923e-01
7.739300000000000068e-01
7.740000000000000213e-01
7.741266666666666296e-01
7.742533333333333490e-01
7.743799999999999573e-01
7.743866666666666676e-01
7.743933333333332669e-01
7.743999999999999773e-01
7.745999999999999552e-01
7.748000000000000442e-01
7.750000000000000222e-01
7.756666666666667265e-01
7.763333333333333197e-01
7.770000000000000240e-01
7.772633333333333061e-01
7.775266666666666993e-01
7.777899999999999814e-01
7.778133333333333566e-01
7.778366666666666207e-01
7.778599999999999959e-01
7.779066666666666352e-01
7.779533333333333855e-01
7.780000000000000249e-01
7.780366666666667097e-01
7.780733333333332835e-01
7.781099999999999683e-01
7.781299999999999883e-01
7.781500000000000083e-01
7.781700000000000284e-01
7.781799999999999828e-01
7.781900000000000484e-01
7.782000000000000028e-01
7.782666666666666622e-01
7.783333333333333215e-01
7.783999999999999808e-01
7.785999999999999588e-01
7.788000000000000478e-01
7.790000000000000258e-01
7.792633333333333079e-01
7.795266666666667010e-01
7.797899999999999832e-01
7.798266666666666680e-01
7.798633333333333528e-01
7.799000000000000377e-01
7.799333333333333673e-01
7.799666666666666970e-01
7.800000000000000266e-01
7.800566666666667315e-01
7.801133333333333253e-01
7.801700000000000301e-01
7.801799999999999846e-01
7.801900000000000501e-01
7.802000000000000046e-01
7.802666666666666639e-01
7.803333333333333233e-01
7.803999999999999826e-01
7.805299999999999461e-01
7.806600000000000206e-01
7.807899999999999840e-01
7.808599999999999985e-01
7.809300000000000130e-01
7.810000000000000275e-01
7.811333333333333462e-01
7.812666666666666648e-01
7.813999999999999835e-01
7.815299999999999470e-01
7.816600000000000215e-01
7.817899999999999849e-01
7.817933333333333401e-01
7.817966666666666953e-01
7.818000000000000504e-01
7.818666666666667098e-01
7.819333333333333691e-01
7.820000000000000284e-01
7.820433333333333126e-01
7.820866666666667077e-01
7.821299999999999919e-01
7.821633333333333216e-01
7.821966666666666512e-01
7.822299999999999809e-01
7.822866666666666857e-01
7.823433333333332795e-01
7.823999999999999844e-01
7.825299999999999478e-01
7.826600000000000223e-01
7.827899999999999858e-01
7.828266666666666707e-01
7.828633333333333555e-01
7.829000000000000403e-01
7.829333333333333700e-01
7.829666666666666996e-01
7.830000000000000293e-01
7.830666666666666886e-01
7.831333333333333480e-01
7.832000000000000073e-01
7.832166666666666721e-01
7.832333333333333369e-01
7.832500000000000018e-01
7.832999999999999963e-01
7.833499999999999908e-01
7.833999999999999853e-01
7.835299999999999487e-01
7.836600000000000232e-01
7.837899999999999867e-01
7.838600000000000012e-01
7.839300000000000157e-01
7.840000000000000302e-01
7.840799999999999992e-01
7.841600000000000792e-01
7.842400000000000482e-01
7.842933333333333978e-01
7.843466666666666365e-01
7.843999999999999861e-01
7.845999999999999641e-01
7.848000000000000531e-01
7.850000000000000311e-01
7.851333333333333497e-01
7.852666666666666684e-01
7.853999999999999870e-01
7.855299999999999505e-01
7.856600000000000250e-01
7.857899999999999885e-01
7.858166666666666078e-01
7.858433333333333382e-01
7.858699999999999575e-01
7.859133333333333526e-01
7.859566666666666368e-01
7.860000000000000320e-01
7.860133333333333416e-01
7.860266666666666513e-01
7.860399999999999610e-01
7.860866666666666003e-01
7.861333333333333506e-01
7.861799999999999899e-01
7.862533333333333596e-01
7.863266666666666183e-01
7.863999999999999879e-01
7.865999999999999659e-01
7.868000000000000549e-01
7.870000000000000329e-01
7.876666666666667371e-01
7.883333333333333304e-01
7.890000000000000346e-01
7.890666666666666940e-01
7.891333333333333533e-01
7.892000000000000126e-01
7.893966666666666354e-01
7.895933333333333692e-01
7.897899999999999920e-01
7.898600000000000065e-01
7.899300000000000210e-01
7.900000000000000355e-01
7.900300000000000100e-01
7.900599999999999845e-01
7.900899999999999590e-01
7.901933333333333032e-01
7.902966666666666473e-01
7.903999999999999915e-01
7.904333333333333211e-01
7.904666666666666508e-01
7.904999999999999805e-01
7.906666666666666288e-01
7.908333333333333881e-01
7.910000000000000364e-01
7.916666666666667407e-01
7.923333333333333339e-01
7.930000000000000382e-01
7.930666666666666975e-01
7.931333333333333568e-01
7.932000000000000162e-01
7.933966666666666390e-01
7.935933333333333728e-01
7.937899999999999956e-01
7.938600000000000101e-01
7.939300000000000246e-01
7.940000000000000391e-01
7.940466666666666784e-01
7.940933333333333177e-01
7.941399999999999570e-01
7.942266666666666364e-01
7.943133333333333157e-01
7.943999999999999950e-01
7.945999999999999730e-01
7.948000000000000620e-01
7.950000000000000400e-01
7.956666666666667442e-01
7.963333333333333375e-01
7.970000000000000417e-01
7.976666666666667460e-01
7.983333333333333393e-01
7.990000000000000435e-01
7.992633333333333256e-01
7.995266666666667188e-01
7.997900000000000009e-01
7.998600000000000154e-01
7.999300000000000299e-01
8.000000000000000444e-01
8.000933333333333231e-01
8.001866666666667127e-01
8.002799999999999914e-01
8.003200000000000314e-01
8.003599999999999604e-01
8.004000000000000004e-01
8.005999999999999783e-01
8.008000000000000673e-01
8.010000000000000453e-01
8.016666666666667496e-01
8.023333333333333428e-01
8.030000000000000471e-01
8.036666666666667513e-01
8.043333333333333446e-01
8.050000000000000488e-01
8.056666666666667531e-01
8.063333333333333464e-01
8.070000000000000506e-01
8.076666666666667549e-01
8.083333333333333481e-01
8.090000000000000524e-01
8.092633333333333345e-01
8.095266666666667277e-01
8.097900000000000098e-01
8.098600000000000243e-01
8.099300000000000388e-01
8.100000000000000533e-01
8.100466666666666926e-01
8.100933333333333319e-01
8.101399999999999713e-01
8.101766666666666561e-01
8.102133333333333409e-01
8.102500000000000258e-01
8.103000000000000203e-01
8.103500000000000147e-01
8.104000000000000092e-01
8.105999999999999872e-01
8.108000000000000762e-01
8.110000000000000542e-01
8.114999999999999991e-01
8.120000000000000551e-01
8.125000000000000000e-01
8.126666666666666483e-01
8.128333333333332966e-01
8.129999999999999449e-01
8.136666666666666492e-01
8.143333333333332424e-01
8.149999999999999467e-01
8.156666666666666510e-01
8.163333333333332442e-01
8.169999999999999485e-01
8.176666666666666528e-01
8.183333333333332460e-01
8.189999999999999503e-01
8.193333333333332469e-01
8.196666666666666545e-01
8.199999999999999512e-01
8.203333333333332478e-01
8.206666666666666554e-01
8.209999999999999520e-01
8.216666666666666563e-01
8.223333333333332495e-01
8.229999999999999538e-01
8.236666666666666581e-01
8.243333333333332513e-01
8.249999999999999556e-01
8.256666666666666599e-01
8.263333333333332531e-01
8.269999999999999574e-01
8.276666666666666616e-01
8.283333333333332549e-01
8.289999999999999591e-01
8.296666666666666634e-01
8.303333333333332567e-01
8.309999999999999609e-01
8.316666666666666652e-01
8.323333333333332584e-01
8.329999999999999627e-01
8.336666666666666670e-01
8.343333333333332602e-01
8.349999999999999645e-01
8.356666666666666687e-01
8.363333333333332620e-01
8.369999999999999662e-01
8.371666666666666146e-01
8.373333333333333739e-01
8.375000000000000222e-01
8.379999999999999671e-01
8.385000000000000231e-01
8.389999999999999680e-01
8.393333333333332646e-01
8.396666666666666723e-01
8.399999999999999689e-01
8.403333333333332655e-01
8.406666666666666732e-01
8.409999999999999698e-01
8.416666666666666741e-01
8.423333333333332673e-01
8.429999999999999716e-01
8.430666666666666309e-01
8.431333333333332902e-01
8.431999999999999496e-01
8.437999999999999945e-01
8.443999999999999284e-01
8.449999999999999734e-01
8.456666666666666776e-01
8.463333333333332709e-01
8.469999999999999751e-01
8.476666666666666794e-01
8.483333333333332726e-01
8.489999999999999769e-01
8.493333333333332735e-01
8.496666666666666812e-01
8.499999999999999778e-01
8.503333333333332744e-01
8.506666666666666821e-01
8.509999999999999787e-01
8.516666666666666829e-01
8.523333333333332762e-01
8.529999999999999805e-01
8.536666666666666847e-01
8.543333333333332780e-01
8.549999999999999822e-01
8.556666666666666865e-01
8.563333333333332797e-01
8.569999999999999840e-01
8.576666666666666883e-01
8.583333333333332815e-01
8.589999999999999858e-01
8.596666666666666901e-01
8.603333333333332833e-01
8.609999999999999876e-01
8.615000000000000435e-01
8.619999999999999885e-01
8.625000000000000444e-01
8.626666666666666927e-01
8.628333333333333410e-01
8.629999999999999893e-01
8.636666666666666936e-01
8.643333333333332869e-01
8.649999999999999911e-01
8.656666666666666954e-01
8.663333333333332886e-01
8.669999999999999929e-01
8.676666666666666972e-01
8.683333333333332904e-01
8.689999999999999947e-01
8.693333333333332913e-01
8.696666666666666989e-01
8.699999999999999956e-01
8.703333333333332922e-01
8.706666666666666998e-01
8.709999999999999964e-01
8.716666666666667007e-01
8.723333333333332940e-01
8.729999999999999982e-01
8.736666666666667025e-01
8.743333333333332957e-01
8.750000000000000000e-01
8.756666666666667043e-01
8.763333333333332975e-01
8.770000000000000018e-01
8.776666666666667060e-01
8.783333333333332993e-01
8.790000000000000036e-01
8.793333333333333002e-01
8.796666666666667078e-01
8.800000000000000044e-01
8.803333333333333011e-01
8.806666666666667087e-01
8.810000000000000053e-01
8.816666666666667096e-01
8.823333333333333028e-01
8.830000000000000071e-01
8.836666666666667114e-01
8.843333333333333046e-01
8.850000000000000089e-01
8.856666666666667131e-01
8.863333333333333064e-01
8.870000000000000107e-01
8.871666666666666590e-01
8.873333333333333073e-01
8.874999999999999556e-01
8.880000000000000115e-01
8.884999999999999565e-01
8.890000000000000124e-01
8.893333333333333091e-01
8.896666666666667167e-01
8.900000000000000133e-01
8.903333333333333099e-01
8.906666666666667176e-01
8.910000000000000142e-01
8.916666666666667185e-01
8.923333333333333117e-01
8.930000000000000160e-01
8.930666666666666753e-01
8.931333333333333346e-01
8.931999999999999940e-01
8.938000000000000389e-01
8.943999999999999728e-01
8.950000000000000178e-01
8.956666666666667220e-01
8.963333333333333153e-01
8.970000000000000195e-01
8.976666666666667238e-01
8.983333333333333171e-01
8.990000000000000213e-01
8.996666666666667256e-01
9.003333333333333188e-01
9.010000000000000231e-01
9.016666666666667274e-01
9.023333333333333206e-01
9.030000000000000249e-01
9.036666666666667291e-01
9.043333333333333224e-01
9.050000000000000266e-01
9.056666666666667309e-01
9.063333333333333242e-01
9.070000000000000284e-01
9.076666666666667327e-01
9.083333333333333259e-01
9.090000000000000302e-01
9.093333333333333268e-01
9.096666666666667345e-01
9.100000000000000311e-01
9.103333333333333277e-01
9.106666666666667354e-01
9.110000000000000320e-01
9.116666666666667362e-01
9.123333333333333295e-01
9.130000000000000338e-01
9.136666666666667380e-01
9.143333333333333313e-01
9.150000000000000355e-01
9.156666666666667398e-01
9.163333333333333330e-01
9.170000000000000373e-01
9.176666666666667416e-01
9.183333333333333348e-01
9.190000000000000391e-01
9.193333333333333357e-01
9.196666666666667433e-01
9.200000000000000400e-01
9.203333333333333366e-01
9.206666666666667442e-01
9.210000000000000409e-01
9.216666666666667451e-01
9.223333333333333384e-01
9.230000000000000426e-01
9.236666666666667469e-01
9.243333333333333401e-01
9.250000000000000444e-01
9.256666666666667487e-01
9.263333333333333419e-01
9.270000000000000462e-01
9.276666666666667505e-01
9.283333333333333437e-01
9.290000000000000480e-01
9.293333333333333446e-01
9.296666666666667522e-01
9.300000000000000488e-01
9.303333333333333455e-01
9.306666666666667531e-01
9.310000000000000497e-01
9.316666666666667540e-01
9.323333333333333472e-01
9.330000000000000515e-01
9.336666666666667558e-01
9.343333333333333490e-01
9.350000000000000533e-01
9.356666666666667576e-01
9.363333333333333508e-01
9.370000000000000551e-01
9.376666666666666483e-01
9.383333333333333526e-01
9.389999999999999458e-01
9.393333333333332424e-01
9.396666666666666501e-01
9.399999999999999467e-01
9.403333333333332433e-01
9.406666666666666510e-01
9.409999999999999476e-01
9.416666666666666519e-01
9.423333333333332451e-01
9.429999999999999494e-01
9.436666666666666536e-01
9.443333333333332469e-01
9.449999999999999512e-01
9.456666666666666554e-01
9.463333333333332487e-01
9.469999999999999529e-01
9.476666666666666572e-01
9.483333333333332504e-01
9.489999999999999547e-01
9.493333333333332513e-01
9.496666666666666590e-01
9.499999999999999556e-01
9.503333333333332522e-01
9.506666666666666599e-01
9.509999999999999565e-01
9.516666666666666607e-01
9.523333333333332540e-01
9.529999999999999583e-01
9.533333333333332549e-01
9.536666666666666625e-01
9.539999999999999591e-01
9.543333333333332558e-01
9.546666666666666634e-01
9.549999999999999600e-01
9.553333333333332567e-01
9.556666666666666643e-01
9.559999999999999609e-01
9.563333333333332575e-01
9.566666666666666652e-01
9.569999999999999618e-01
9.573333333333332584e-01
9.576666666666666661e-01
9.579999999999999627e-01
9.583333333333332593e-01
9.586666666666666670e-01
9.589999999999999636e-01
9.593333333333332602e-01
9.596666666666666679e-01
9.599999999999999645e-01
9.603333333333332611e-01
9.606666666666666687e-01
9.609999999999999654e-01
9.616666666666666696e-01
9.623333333333332629e-01
9.629999999999999671e-01
9.636666666666666714e-01
9.643333333333332646e-01
9.649999999999999689e-01
9.656666666666666732e-01
9.663333333333332664e-01
9.669999999999999707e-01
9.676666666666666750e-01
9.683333333333332682e-01
9.689999999999999725e-01
9.693333333333332691e-01
9.696666666666666767e-01
9.699999999999999734e-01
9.703333333333332700e-01
9.706666666666666776e-01
9.709999999999999742e-01
9.716666666666666785e-01
9.723333333333332718e-01
9.729999999999999760e-01
9.736666666666666803e-01
9.743333333333332735e-01
9.749999999999999778e-01
9.756666666666666821e-01
9.763333333333332753e-01
9.769999999999999796e-01
9.776666666666666838e-01
9.783333333333332771e-01
9.789999999999999813e-01
9.793333333333332780e-01
9.796666666666666856e-01
9.799999999999999822e-01
9.803333333333332789e-01
9.806666666666666865e-01
9.809999999999999831e-01
9.816666666666666874e-01
9.823333333333332806e-01
9.829999999999999849e-01
9.833333333333332815e-01
9.836666666666666892e-01
9.839999999999999858e-01
9.840066666666666961e-01
9.840133333333332954e-01
9.840200000000000058e-01
9.840466666666666251e-01
9.840733333333333555e-01
9.840999999999999748e-01
9.841033333333333299e-01
9.841066666666666851e-01
9.841100000000000403e-01
9.841433333333333699e-01
9.841766666666666996e-01
9.842100000000000293e-01
9.844733333333333114e-01
9.847366666666667046e-01
9.849999999999999867e-01
9.851933333333333653e-01
9.853866666666666330e-01
9.855800000000000116e-01
9.860533333333333372e-01
9.865266666666666628e-01
9.869999999999999885e-01
9.871666666666666368e-01
9.873333333333333961e-01
9.875000000000000444e-01
9.879999999999999893e-01
9.885000000000000453e-01
9.889999999999999902e-01
9.893333333333332869e-01
9.896666666666666945e-01
9.899999999999999911e-01
9.903333333333332877e-01
9.906666666666666954e-01
9.909999999999999920e-01
9.915000000000000480e-01
9.919999999999999929e-01
9.925000000000000488e-01
9.926666666666666972e-01
9.928333333333333455e-01
9.929999999999999938e-01
9.933333333333332904e-01
9.936666666666666980e-01
9.939999999999999947e-01
9.943333333333332913e-01
9.946666666666666989e-01
9.949999999999999956e-01
9.956666666666666998e-01
9.963333333333332931e-01
9.969999999999999973e-01
9.971666666666666456e-01
9.973333333333334050e-01
9.975000000000000533e-01
9.979999999999999982e-01
9.985000000000000542e-01
9.989999999999999991e-01
9.993333333333332957e-01
9.996666666666667034e-01
1.000000000000000000e+00
1.000033333333333330e+00
1.000066666666666659e+00
1.000099999999999989e+00
1.000233333333333308e+00
1.000366666666666626e+00
1.000499999999999945e+00
1.000833333333333242e+00
1.001166666666666760e+00
1.001500000000000057e+00
1.001666666666666705e+00
1.001833333333333353e+00
1.002000000000000002e+00
1.002166666666666650e+00
1.002333333333333298e+00
1.002499999999999947e+00
1.002666666666666595e+00
1.002833333333333243e+00
1.002999999999999892e+00
1.003166666666666540e+00
1.003333333333333410e+00
1.003500000000000059e+00
1.003570000000000073e+00
1.003640000000000088e+00
1.003710000000000102e+00
1.003746666666666787e+00
1.003783333333333250e+00
1.003819999999999935e+00
1.003849999999999909e+00
1.003880000000000106e+00
1.003910000000000080e+00
1.003940000000000055e+00
1.003970000000000029e+00
1.004000000000000004e+00
1.004023333333333268e+00
1.004046666666666754e+00
1.004070000000000018e+00
1.004129999999999967e+00
1.004190000000000138e+00
1.004250000000000087e+00
1.004333333333333300e+00
1.004416666666666735e+00
1.004499999999999948e+00
1.004546666666666699e+00
1.004593333333333227e+00
1.004639999999999977e+00
1.004746666666666677e+00
1.004853333333333376e+00
1.004960000000000075e+00
1.004973333333333274e+00
1.004986666666666695e+00
1.004999999999999893e+00
1.005166666666666542e+00
1.005333333333333412e+00
1.005500000000000060e+00
1.005833333333333357e+00
1.006166666666666654e+00
1.006499999999999950e+00
1.006833333333333247e+00
1.007166666666666766e+00
1.007500000000000062e+00
1.007833333333333359e+00
1.008166666666666655e+00
1.008499999999999952e+00
1.008539999999999992e+00
1.008580000000000032e+00
1.008620000000000072e+00
1.008913333333333329e+00
1.009206666666666807e+00
1.009500000000000064e+00
1.009633333333333383e+00
1.009766666666666701e+00
1.009900000000000020e+00
1.009933333333333350e+00
1.009966666666666679e+00
1.010000000000000009e+00
1.010056666666666603e+00
1.010113333333333419e+00
1.010170000000000012e+00
1.010199999999999987e+00
1.010229999999999961e+00
1.010259999999999936e+00
1.010263333333333291e+00
1.010266666666666646e+00
1.010270000000000001e+00
1.010280000000000067e+00
1.010289999999999910e+00
1.010299999999999976e+00
1.010313333333333397e+00
1.010326666666666595e+00
1.010340000000000016e+00
1.010383333333333411e+00
1.010426666666666584e+00
1.010469999999999979e+00
1.010480000000000045e+00
1.010489999999999888e+00
1.010499999999999954e+00
1.010566666666666613e+00
1.010633333333333272e+00
1.010699999999999932e+00
1.010720000000000063e+00
1.010739999999999972e+00
1.010760000000000103e+00
1.010793333333333432e+00
1.010826666666666762e+00
1.010860000000000092e+00
1.010906666666666620e+00
1.010953333333333370e+00
1.010999999999999899e+00
1.011099999999999888e+00
1.011200000000000099e+00
1.011300000000000088e+00
1.011366666666666747e+00
1.011433333333333406e+00
1.011500000000000066e+00
1.011833333333333362e+00
1.012166666666666659e+00
1.012499999999999956e+00
1.012586666666666746e+00
1.012673333333333314e+00
1.012760000000000105e+00
1.012826666666666764e+00
1.012893333333333423e+00
1.012960000000000083e+00
1.012973333333333281e+00
1.012986666666666702e+00
1.012999999999999901e+00
1.013166666666666549e+00
1.013333333333333419e+00
1.013500000000000068e+00
1.013626666666666676e+00
1.013753333333333284e+00
1.013879999999999892e+00
1.014086666666666581e+00
1.014293333333333269e+00
1.014499999999999957e+00
1.014666666666666606e+00
1.014833333333333254e+00
1.014999999999999902e+00
1.015023333333333166e+00
1.015046666666666653e+00
1.015069999999999917e+00
1.015129999999999866e+00
1.015190000000000037e+00
1.015249999999999986e+00
1.015309999999999935e+00
1.015370000000000106e+00
1.015430000000000055e+00
1.015453333333333319e+00
1.015476666666666805e+00
1.015500000000000069e+00
1.015526666666666689e+00
1.015553333333333308e+00
1.015579999999999927e+00
1.015606666666666547e+00
1.015633333333333388e+00
1.015660000000000007e+00
1.015673333333333428e+00
1.015686666666666627e+00
1.015700000000000047e+00
1.015716666666666601e+00
1.015733333333333377e+00
1.015749999999999931e+00
1.015830000000000011e+00
1.015909999999999869e+00
1.015989999999999949e+00
1.016029999999999989e+00
1.016070000000000029e+00
1.016110000000000069e+00
1.016140000000000043e+00
1.016170000000000018e+00
1.016199999999999992e+00
1.016256666666666586e+00
1.016313333333333402e+00
1.016369999999999996e+00
1.016413333333333391e+00
1.016456666666666564e+00
1.016499999999999959e+00
1.016513333333333380e+00
1.016526666666666578e+00
1.016539999999999999e+00
1.016586666666666749e+00
1.016633333333333278e+00
1.016680000000000028e+00
1.016696666666666582e+00
1.016713333333333358e+00
1.016729999999999912e+00
1.016746666666666687e+00
1.016763333333333241e+00
1.016780000000000017e+00
1.016803333333333281e+00
1.016826666666666767e+00
1.016850000000000032e+00
1.016880000000000006e+00
1.016909999999999981e+00
1.016939999999999955e+00
1.016959999999999864e+00
1.016979999999999995e+00
1.016999999999999904e+00
1.017029999999999879e+00
1.017060000000000075e+00
1.017090000000000050e+00
1.017093333333333405e+00
1.017096666666666538e+00
1.017099999999999893e+00
1.017120000000000024e+00
1.017139999999999933e+00
1.017160000000000064e+00
1.017160000000000064e+00
1.017160000000000064e+00
1.017160000000000064e+00
1.017173333333333485e+00
1.017186666666666683e+00
1.017200000000000104e+00
1.017220000000000013e+00
1.017240000000000144e+00
1.017260000000000053e+00
1.017340000000000133e+00
1.017419999999999991e+00
1.017500000000000071e+00
1.017530000000000046e+00
1.017560000000000020e+00
1.017589999999999995e+00
1.017613333333333259e+00
1.017636666666666745e+00
1.017660000000000009e+00
1.017679999999999918e+00
1.017700000000000049e+00
1.017719999999999958e+00
1.017753333333333288e+00
1.017786666666666617e+00
1.017819999999999947e+00
1.017879999999999896e+00
1.017940000000000067e+00
1.018000000000000016e+00
1.018033333333333346e+00
1.018066666666666675e+00
1.018100000000000005e+00
1.018113333333333426e+00
1.018126666666666624e+00
1.018140000000000045e+00
1.018143333333333400e+00
1.018146666666666755e+00
1.018150000000000110e+00
1.018170000000000019e+00
1.018190000000000150e+00
1.018210000000000059e+00
1.018233333333333324e+00
1.018256666666666810e+00
1.018280000000000074e+00
1.018293333333333273e+00
1.018306666666666693e+00
1.018319999999999892e+00
1.018373333333333353e+00
1.018426666666666591e+00
1.018480000000000052e+00
1.018486666666666762e+00
1.018493333333333251e+00
1.018499999999999961e+00
1.018540000000000001e+00
1.018580000000000041e+00
1.018620000000000081e+00
1.018626666666666791e+00
1.018633333333333280e+00
1.018639999999999990e+00
1.018653333333333411e+00
1.018666666666666609e+00
1.018680000000000030e+00
1.018686666666666740e+00
1.018693333333333229e+00
1.018699999999999939e+00
1.018726666666666558e+00
1.018753333333333400e+00
1.018780000000000019e+00
1.018809999999999993e+00
1.018839999999999968e+00
1.018869999999999942e+00
1.018899999999999917e+00
1.018930000000000113e+00
1.018960000000000088e+00
1.018973333333333287e+00
1.018986666666666707e+00
1.018999999999999906e+00
1.019033333333333236e+00
1.019066666666666565e+00
1.019099999999999895e+00
1.019106666666666605e+00
1.019113333333333316e+00
1.019120000000000026e+00
1.019126666666666736e+00
1.019133333333333225e+00
1.019139999999999935e+00
1.019163333333333199e+00
1.019186666666666685e+00
1.019209999999999949e+00
1.019223333333333370e+00
1.019236666666666569e+00
1.019249999999999989e+00
1.019266666666666765e+00
1.019283333333333319e+00
1.019300000000000095e+00
1.019340000000000135e+00
1.019379999999999953e+00
1.019419999999999993e+00
1.019426666666666703e+00
1.019433333333333191e+00
1.019439999999999902e+00
1.019443333333333257e+00
1.019446666666666612e+00
1.019449999999999967e+00
1.019466666666666743e+00
1.019483333333333297e+00
1.019500000000000073e+00
1.019503333333333428e+00
1.019506666666666561e+00
1.019509999999999916e+00
1.019523333333333337e+00
1.019536666666666536e+00
1.019549999999999956e+00
1.019573333333333220e+00
1.019596666666666707e+00
1.019619999999999971e+00
1.019626666666666681e+00
1.019633333333333391e+00
1.019640000000000102e+00
1.019643333333333457e+00
1.019646666666666590e+00
1.019649999999999945e+00
1.019653333333333300e+00
1.019656666666666656e+00
1.019660000000000011e+00
1.019666666666666721e+00
1.019673333333333209e+00
1.019679999999999920e+00
1.019683333333333275e+00
1.019686666666666630e+00
1.019689999999999985e+00
1.019709999999999894e+00
1.019730000000000025e+00
1.019749999999999934e+00
1.019763333333333355e+00
1.019776666666666554e+00
1.019789999999999974e+00
1.019809999999999883e+00
1.019830000000000014e+00
1.019849999999999923e+00
1.019866666666666699e+00
1.019883333333333253e+00
1.019900000000000029e+00
1.019916666666666583e+00
1.019933333333333358e+00
1.019949999999999912e+00
1.019966666666666688e+00
1.019983333333333242e+00
1.020000000000000018e+00
1.020016666666666572e+00
1.020033333333333347e+00
1.020049999999999901e+00
1.020053333333333256e+00
1.020056666666666612e+00
1.020059999999999967e+00
1.020083333333333231e+00
1.020106666666666717e+00
1.020129999999999981e+00
1.020136666666666692e+00
1.020143333333333180e+00
1.020149999999999890e+00
1.020243333333333169e+00
1.020336666666666670e+00
1.020429999999999948e+00
1.020436666666666659e+00
1.020443333333333369e+00
1.020450000000000079e+00
1.020466666666666633e+00
1.020483333333333409e+00
1.020499999999999963e+00
1.020510000000000028e+00
1.020519999999999872e+00
1.020529999999999937e+00
1.020546666666666713e+00
1.020563333333333267e+00
1.020580000000000043e+00
1.020586666666666753e+00
1.020593333333333241e+00
1.020599999999999952e+00
1.020616666666666728e+00
1.020633333333333281e+00
1.020650000000000057e+00
1.020686666666666742e+00
1.020723333333333205e+00
1.020759999999999890e+00
1.020793333333333219e+00
1.020826666666666771e+00
1.020860000000000101e+00
1.020893333333333430e+00
1.020926666666666760e+00
1.020960000000000090e+00
1.020973333333333288e+00
1.020986666666666709e+00
1.020999999999999908e+00
1.021006666666666618e+00
1.021013333333333328e+00
1.021020000000000039e+00
1.021086666666666698e+00
1.021153333333333357e+00
1.021220000000000017e+00
1.021249999999999991e+00
1.021279999999999966e+00
1.021309999999999940e+00
1.021343333333333270e+00
1.021376666666666599e+00
1.021409999999999929e+00
1.021439999999999904e+00
1.021470000000000100e+00
1.021500000000000075e+00
1.021503333333333430e+00
1.021506666666666563e+00
1.021509999999999918e+00
1.021519999999999984e+00
1.021529999999999827e+00
1.021539999999999893e+00
1.021586666666666643e+00
1.021633333333333171e+00
1.021679999999999922e+00
1.021736666666666515e+00
1.021793333333333331e+00
1.021849999999999925e+00
1.021866666666666701e+00
1.021883333333333255e+00
1.021900000000000031e+00
1.021956666666666624e+00
1.022013333333333440e+00
1.022070000000000034e+00
1.022073333333333389e+00
1.022076666666666744e+00
1.022080000000000100e+00
1.022129999999999983e+00
1.022180000000000089e+00
1.022229999999999972e+00
1.022253333333333236e+00
1.022276666666666722e+00
1.022299999999999986e+00
1.022306666666666697e+00
1.022313333333333185e+00
1.022319999999999895e+00
1.022379999999999844e+00
1.022440000000000015e+00
1.022499999999999964e+00
1.022566666666666624e+00
1.022633333333333283e+00
1.022699999999999942e+00
1.022713333333333363e+00
1.022726666666666562e+00
1.022739999999999982e+00
1.022739999999999982e+00
1.022739999999999982e+00
1.022739999999999982e+00
1.022766666666666602e+00
1.022793333333333443e+00
1.022820000000000062e+00
1.022880000000000011e+00
1.022939999999999960e+00
1.022999999999999909e+00
1.023083333333333345e+00
1.023166666666666558e+00
1.023249999999999993e+00
1.023256666666666703e+00
1.023263333333333192e+00
1.023269999999999902e+00
1.023346666666666627e+00
1.023423333333333352e+00
1.023500000000000076e+00
1.023656666666666659e+00
1.023813333333333464e+00
1.023970000000000047e+00
1.024146666666666761e+00
1.024323333333333252e+00
1.024499999999999966e+00
1.024666666666666615e+00
1.024833333333333263e+00
1.024999999999999911e+00
1.025106666666666611e+00
1.025213333333333310e+00
1.025320000000000009e+00
1.025330000000000075e+00
1.025339999999999918e+00
1.025349999999999984e+00
1.025400000000000089e+00
1.025449999999999973e+00
1.025500000000000078e+00
1.025833333333333375e+00
1.026166666666666671e+00
1.026499999999999968e+00
1.026833333333333265e+00
1.027166666666666783e+00
1.027500000000000080e+00
1.027506666666666790e+00
1.027513333333333279e+00
1.027519999999999989e+00
1.027579999999999938e+00
1.027640000000000109e+00
1.027700000000000058e+00
1.027713333333333479e+00
1.027726666666666677e+00
1.027740000000000098e+00
1.027760000000000007e+00
1.027780000000000138e+00
1.027800000000000047e+00
1.027803333333333402e+00
1.027806666666666535e+00
1.027809999999999890e+00
1.027859999999999996e+00
1.027909999999999879e+00
1.027959999999999985e+00
1.027973333333333406e+00
1.027986666666666604e+00
1.028000000000000025e+00
1.028076666666666750e+00
1.028153333333333252e+00
1.028229999999999977e+00
1.028289999999999926e+00
1.028350000000000097e+00
1.028410000000000046e+00
1.028440000000000021e+00
1.028469999999999995e+00
1.028499999999999970e+00
1.028696666666666593e+00
1.028893333333333437e+00
1.029090000000000060e+00
1.029126666666666745e+00
1.029163333333333208e+00
1.029199999999999893e+00
1.029299999999999882e+00
1.029400000000000093e+00
1.029500000000000082e+00
1.029649999999999954e+00
1.029800000000000049e+00
1.029949999999999921e+00
1.029966666666666697e+00
1.029983333333333251e+00
1.030000000000000027e+00
1.030166666666666675e+00
1.030333333333333323e+00
1.030499999999999972e+00
1.030833333333333268e+00
1.031166666666666787e+00
1.031500000000000083e+00
1.031833333333333380e+00
1.032166666666666677e+00
1.032499999999999973e+00
1.032833333333333270e+00
1.033166666666666789e+00
1.033500000000000085e+00
1.033526666666666705e+00
1.033553333333333324e+00
1.033579999999999943e+00
1.033619999999999983e+00
1.033660000000000023e+00
1.033700000000000063e+00
1.033706666666666774e+00
1.033713333333333262e+00
1.033719999999999972e+00
1.033760000000000012e+00
1.033800000000000052e+00
1.033840000000000092e+00
1.033863333333333356e+00
1.033886666666666843e+00
1.033910000000000107e+00
1.033940000000000081e+00
1.033970000000000056e+00
1.034000000000000030e+00
1.034166666666666679e+00
1.034333333333333327e+00
1.034499999999999975e+00
1.034666666666666623e+00
1.034833333333333272e+00
1.034999999999999920e+00
1.035166666666666568e+00
1.035333333333333439e+00
1.035500000000000087e+00
1.035666666666666735e+00
1.035833333333333384e+00
1.036000000000000032e+00
1.036166666666666680e+00
1.036333333333333329e+00
1.036499999999999977e+00
1.036833333333333274e+00
1.037166666666666792e+00
1.037500000000000089e+00
1.037833333333333385e+00
1.038166666666666682e+00
1.038499999999999979e+00
1.038720000000000088e+00
1.038939999999999975e+00
1.039160000000000084e+00
1.039273333333333493e+00
1.039386666666666681e+00
1.039500000000000091e+00
1.039530000000000065e+00
1.039560000000000040e+00
1.039590000000000014e+00
1.039593333333333369e+00
1.039596666666666724e+00
1.039600000000000080e+00
1.039606666666666790e+00
1.039613333333333278e+00
1.039619999999999989e+00
1.039626666666666699e+00
1.039633333333333187e+00
1.039639999999999898e+00
1.039693333333333358e+00
1.039746666666666597e+00
1.039800000000000058e+00
1.039866666666666717e+00
1.039933333333333376e+00
1.040000000000000036e+00
1.040010000000000101e+00
1.040019999999999945e+00
1.040030000000000010e+00
1.040853333333333408e+00
1.041676666666666584e+00
1.042499999999999982e+00
1.042999999999999927e+00
1.043500000000000094e+00
1.044000000000000039e+00
1.044333333333333336e+00
1.044666666666666632e+00
1.044999999999999929e+00
1.045833333333333393e+00
1.046666666666666634e+00
1.047500000000000098e+00
1.048200000000000021e+00
1.048900000000000166e+00
1.049600000000000088e+00
1.049633333333333418e+00
1.049666666666666748e+00
1.049700000000000077e+00
1.049703333333333433e+00
1.049706666666666566e+00
1.049709999999999921e+00
1.049743333333333251e+00
1.049776666666666580e+00
1.049809999999999910e+00
1.049826666666666686e+00
1.049843333333333240e+00
1.049860000000000015e+00
1.049906666666666766e+00
1.049953333333333294e+00
1.050000000000000044e+00
1.050286666666666591e+00
1.050573333333333359e+00
1.050859999999999905e+00
1.051406666666666601e+00
1.051953333333333296e+00
1.052499999999999991e+00
1.053333333333333233e+00
1.054166666666666696e+00
1.054999999999999938e+00
1.055833333333333401e+00
1.056666666666666643e+00
1.057500000000000107e+00
1.057666666666666755e+00
1.057833333333333403e+00
1.058000000000000052e+00
1.058333333333333348e+00
1.058666666666666645e+00
1.058999999999999941e+00
1.059173333333333300e+00
1.059346666666666659e+00
1.059520000000000017e+00
1.059539999999999926e+00
1.059560000000000057e+00
1.059579999999999966e+00
1.059606666666666586e+00
1.059633333333333427e+00
1.059660000000000046e+00
1.059756666666666680e+00
1.059853333333333314e+00
1.059949999999999948e+00
1.059966666666666724e+00
1.059983333333333277e+00
1.060000000000000053e+00
1.060333333333333350e+00
1.060666666666666647e+00
1.060999999999999943e+00
1.061499999999999888e+00
1.062000000000000055e+00
1.062500000000000000e+00
1.063333333333333242e+00
1.064166666666666705e+00
1.064999999999999947e+00
1.065833333333333188e+00
1.066666666666666652e+00
1.067499999999999893e+00
1.068333333333333357e+00
1.069166666666666599e+00
1.070000000000000062e+00
1.070833333333333304e+00
1.071666666666666767e+00
1.072500000000000009e+00
1.073333333333333250e+00
1.074166666666666714e+00
1.074999999999999956e+00
1.075833333333333197e+00
1.076666666666666661e+00
1.077499999999999902e+00
1.078333333333333366e+00
1.079166666666666607e+00
1.080000000000000071e+00
1.080833333333333313e+00
1.081666666666666776e+00
1.082500000000000018e+00
1.082666666666666666e+00
1.082833333333333314e+00
1.082999999999999963e+00
1.083666666666666556e+00
1.084333333333333371e+00
1.084999999999999964e+00
1.085833333333333206e+00
1.086666666666666670e+00
1.087499999999999911e+00
1.087666666666666559e+00
1.087833333333333430e+00
1.088000000000000078e+00
1.088666666666666671e+00
1.089333333333333487e+00
1.090000000000000080e+00
1.090833333333333321e+00
1.091666666666666785e+00
1.092500000000000027e+00
1.093333333333333268e+00
1.094166666666666732e+00
1.094999999999999973e+00
1.095833333333333215e+00
1.096666666666666679e+00
1.097499999999999920e+00
1.098333333333333384e+00
1.099166666666666625e+00
1.100000000000000089e+00
1.100999999999999979e+00
1.102000000000000091e+00
1.102999999999999980e+00
1.103666666666666574e+00
1.104333333333333389e+00
1.104999999999999982e+00
1.106666666666666687e+00
1.108333333333333393e+00
1.110000000000000098e+00
1.110833333333333339e+00
1.111666666666666803e+00
1.112500000000000044e+00
1.113333333333333286e+00
1.114166666666666750e+00
1.114999999999999991e+00
1.116666666666666696e+00
1.118333333333333401e+00
1.120000000000000107e+00
1.120999999999999996e+00
1.122000000000000108e+00
1.122999999999999998e+00
1.123666666666666591e+00
1.124333333333333407e+00
1.125000000000000000e+00
1.125666666666666593e+00
1.126333333333333409e+00
1.127000000000000002e+00
1.127999999999999892e+00
1.129000000000000004e+00
1.129999999999999893e+00
1.131666666666666599e+00
1.133333333333333304e+00
1.135000000000000009e+00
1.135833333333333250e+00
1.136666666666666714e+00
1.137499999999999956e+00
1.138333333333333197e+00
1.139166666666666661e+00
1.139999999999999902e+00
1.140666666666666496e+00
1.141333333333333311e+00
1.141999999999999904e+00
1.143000000000000016e+00
1.143999999999999906e+00
1.145000000000000018e+00
1.146666666666666723e+00
1.148333333333333206e+00
1.149999999999999911e+00
1.151666666666666616e+00
1.153333333333333321e+00
1.155000000000000027e+00
1.156666666666666732e+00
1.158333333333333215e+00
1.159999999999999920e+00
1.160833333333333384e+00
1.161666666666666625e+00
1.162500000000000089e+00
1.162666666666666737e+00
1.162833333333333385e+00
1.163000000000000034e+00
1.163666666666666627e+00
1.164333333333333442e+00
1.165000000000000036e+00
1.166666666666666741e+00
1.168333333333333224e+00
1.169999999999999929e+00
1.171666666666666634e+00
1.173333333333333339e+00
1.175000000000000044e+00
1.176666666666666750e+00
1.178333333333333233e+00
1.179999999999999938e+00
1.181000000000000050e+00
1.181999999999999940e+00
1.183000000000000052e+00
1.183666666666666645e+00
1.184333333333333460e+00
1.185000000000000053e+00
1.185833333333333295e+00
1.186666666666666758e+00
1.187500000000000000e+00
1.188333333333333242e+00
1.189166666666666705e+00
1.189999999999999947e+00
1.191666666666666652e+00
1.193333333333333357e+00
1.195000000000000062e+00
1.196666666666666767e+00
1.198333333333333250e+00
1.199999999999999956e+00
1.200333333333333252e+00
1.200666666666666771e+00
1.201000000000000068e+00
1.201333333333333364e+00
1.201666666666666661e+00
1.201999999999999957e+00
1.202666666666666551e+00
1.203333333333333366e+00
1.203999999999999959e+00
1.204333333333333256e+00
1.204666666666666774e+00
1.205000000000000071e+00
1.206666666666666776e+00
1.208333333333333259e+00
1.209999999999999964e+00
1.210833333333333206e+00
1.211666666666666670e+00
1.212499999999999911e+00
1.213333333333333375e+00
1.214166666666666616e+00
1.215000000000000080e+00
1.217999999999999972e+00
1.221000000000000085e+00
1.223999999999999977e+00
1.224333333333333274e+00
1.224666666666666792e+00
1.225000000000000089e+00
1.225333333333333385e+00
1.225666666666666682e+00
1.225999999999999979e+00
1.227333333333333387e+00
1.228666666666666574e+00
1.229999999999999982e+00
1.231666666666666687e+00
1.233333333333333393e+00
1.235000000000000098e+00
1.235833333333333339e+00
1.236666666666666803e+00
1.237500000000000044e+00
1.238333333333333286e+00
1.239166666666666750e+00
1.239999999999999991e+00
1.241666666666666696e+00
1.243333333333333401e+00
1.245000000000000107e+00
1.245333333333333403e+00
1.245666666666666700e+00
1.245999999999999996e+00
1.247333333333333405e+00
1.248666666666666591e+00
1.250000000000000000e+00
1.250333333333333297e+00
1.250666666666666593e+00
1.250999999999999890e+00
1.252333333333333298e+00
1.253666666666666485e+00
1.254999999999999893e+00
1.256666666666666599e+00
1.258333333333333304e+00
1.260000000000000009e+00
1.260833333333333250e+00
1.261666666666666714e+00
1.262499999999999956e+00
1.263333333333333197e+00
1.264166666666666661e+00
1.264999999999999902e+00
1.266333333333333311e+00
1.267666666666666497e+00
1.268999999999999906e+00
1.269333333333333202e+00
1.269666666666666721e+00
1.270000000000000018e+00
1.271666666666666723e+00
1.273333333333333206e+00
1.274999999999999911e+00
1.275666666666666504e+00
1.276333333333333320e+00
1.276999999999999913e+00
1.278000000000000025e+00
1.278999999999999915e+00
1.280000000000000027e+00
1.281666666666666732e+00
1.283333333333333215e+00
1.284999999999999920e+00
1.285333333333333217e+00
1.285666666666666735e+00
1.286000000000000032e+00
1.286499999999999977e+00
1.287000000000000144e+00
1.287500000000000089e+00
1.288333333333333330e+00
1.289166666666666794e+00
1.290000000000000036e+00
1.291666666666666741e+00
1.293333333333333224e+00
1.294999999999999929e+00
1.295333333333333226e+00
1.295666666666666744e+00
1.296000000000000041e+00
1.297333333333333449e+00
1.298666666666666636e+00
1.300000000000000044e+00
1.301666666666666750e+00
1.303333333333333233e+00
1.304999999999999938e+00
1.306666666666666643e+00
1.308333333333333348e+00
1.310000000000000053e+00
1.310833333333333295e+00
1.311666666666666758e+00
1.312500000000000000e+00
1.313333333333333242e+00
1.314166666666666705e+00
1.314999999999999947e+00
1.316666666666666652e+00
1.318333333333333357e+00
1.320000000000000062e+00
1.321666666666666767e+00
1.323333333333333250e+00
1.324999999999999956e+00
1.325333333333333252e+00
1.325666666666666771e+00
1.326000000000000068e+00
1.327333333333333476e+00
1.328666666666666663e+00
1.330000000000000071e+00
1.331666666666666776e+00
1.333333333333333259e+00
1.334999999999999964e+00
1.335833333333333206e+00
1.336666666666666670e+00
1.337499999999999911e+00
1.338333333333333375e+00
1.339166666666666616e+00
1.340000000000000080e+00
1.341666666666666785e+00
1.343333333333333268e+00
1.344999999999999973e+00
1.346666666666666679e+00
1.348333333333333384e+00
1.350000000000000089e+00
1.351333333333333497e+00
1.352666666666666684e+00
1.354000000000000092e+00
1.354333333333333389e+00
1.354666666666666686e+00
1.354999999999999982e+00
1.355666666666666575e+00
1.356333333333333391e+00
1.356999999999999984e+00
1.358000000000000096e+00
1.358999999999999986e+00
1.360000000000000098e+00
1.360833333333333339e+00
1.361666666666666803e+00
1.362500000000000044e+00
1.362999999999999989e+00
1.363500000000000156e+00
1.364000000000000101e+00
1.364333333333333398e+00
1.364666666666666694e+00
1.364999999999999991e+00
1.366000000000000103e+00
1.366999999999999993e+00
1.368000000000000105e+00
1.368666666666666698e+00
1.369333333333333513e+00
1.370000000000000107e+00
1.371666666666666812e+00
1.373333333333333295e+00
1.375000000000000000e+00
1.376666666666666705e+00
1.378333333333333188e+00
1.379999999999999893e+00
1.381666666666666599e+00
1.383333333333333304e+00
1.385000000000000009e+00
1.385833333333333250e+00
1.386666666666666714e+00
1.387499999999999956e+00
1.388333333333333197e+00
1.389166666666666661e+00
1.389999999999999902e+00
1.391333333333333311e+00
1.392666666666666497e+00
1.393999999999999906e+00
1.394333333333333202e+00
1.394666666666666721e+00
1.395000000000000018e+00
1.396666666666666723e+00
1.398333333333333206e+00
1.399999999999999911e+00
1.403333333333333321e+00
1.406666666666666510e+00
1.409999999999999920e+00
1.410833333333333384e+00
1.411666666666666625e+00
1.412500000000000089e+00
1.415000000000000036e+00
1.417499999999999982e+00
1.419999999999999929e+00
1.421000000000000041e+00
1.421999999999999931e+00
1.423000000000000043e+00
1.423666666666666636e+00
1.424333333333333451e+00
1.425000000000000044e+00
1.426666666666666750e+00
1.428333333333333233e+00
1.429999999999999938e+00
1.431666666666666643e+00
1.433333333333333348e+00
1.435000000000000053e+00
1.435833333333333295e+00
1.436666666666666758e+00
1.437500000000000000e+00
1.438333333333333242e+00
1.439166666666666705e+00
1.439999999999999947e+00
1.441000000000000059e+00
1.441999999999999948e+00
1.443000000000000060e+00
1.445333333333333359e+00
1.447666666666666657e+00
1.449999999999999956e+00
1.454166666666666607e+00
1.458333333333333259e+00
1.462499999999999911e+00
1.464999999999999858e+00
1.467500000000000027e+00
1.469999999999999973e+00
1.470333333333333270e+00
1.470666666666666789e+00
1.471000000000000085e+00
1.472333333333333494e+00
1.473666666666666680e+00
1.475000000000000089e+00
1.476666666666666794e+00
1.478333333333333277e+00
1.479999999999999982e+00
1.482499999999999929e+00
1.485000000000000098e+00
1.487500000000000044e+00
1.488333333333333286e+00
1.489166666666666750e+00
1.489999999999999991e+00
1.491333333333333400e+00
1.492666666666666586e+00
1.493999999999999995e+00
1.495999999999999996e+00
1.497999999999999998e+00
1.500000000000000000e+00
1.503333333333333410e+00
1.506666666666666599e+00
1.510000000000000009e+00
1.510833333333333250e+00
1.511666666666666714e+00
1.512499999999999956e+00
1.513333333333333197e+00
1.514166666666666661e+00
1.514999999999999902e+00
1.516666666666666607e+00
1.518333333333333313e+00
1.520000000000000018e+00
1.520666666666666611e+00
1.521333333333333426e+00
1.522000000000000020e+00
1.522999999999999909e+00
1.524000000000000021e+00
1.524999999999999911e+00
1.526666666666666616e+00
1.528333333333333321e+00
1.530000000000000027e+00
1.532499999999999973e+00
1.535000000000000142e+00
1.537500000000000089e+00
1.538333333333333330e+00
1.539166666666666794e+00
1.540000000000000036e+00
1.540999999999999925e+00
1.542000000000000037e+00
1.542999999999999927e+00
1.545333333333333226e+00
1.547666666666666746e+00
1.550000000000000044e+00
1.553333333333333455e+00
1.556666666666666643e+00
1.560000000000000053e+00
1.560833333333333295e+00
1.561666666666666758e+00
1.562500000000000000e+00
1.564999999999999947e+00
1.567500000000000115e+00
1.570000000000000062e+00
1.570666666666666655e+00
1.571333333333333471e+00
1.572000000000000064e+00
1.572999999999999954e+00
1.574000000000000066e+00
1.574999999999999956e+00
1.576666666666666661e+00
1.578333333333333366e+00
1.580000000000000071e+00
1.582500000000000018e+00
1.584999999999999964e+00
1.587499999999999911e+00
1.588333333333333375e+00
1.589166666666666616e+00
1.590000000000000080e+00
1.591333333333333488e+00
1.592666666666666675e+00
1.594000000000000083e+00
1.594333333333333380e+00
1.594666666666666677e+00
1.594999999999999973e+00
1.596666666666666679e+00
1.598333333333333384e+00
1.600000000000000089e+00
1.603333333333333499e+00
1.606666666666666687e+00
1.610000000000000098e+00
1.610833333333333339e+00
1.611666666666666803e+00
1.612500000000000044e+00
1.614999999999999991e+00
1.617500000000000160e+00
1.620000000000000107e+00
1.620999999999999996e+00
1.622000000000000108e+00
1.622999999999999998e+00
1.623666666666666591e+00
1.624333333333333407e+00
1.625000000000000000e+00
1.626666666666666705e+00
1.628333333333333188e+00
1.629999999999999893e+00
1.631000000000000005e+00
1.631999999999999895e+00
1.633000000000000007e+00
1.634500000000000064e+00
1.635999999999999899e+00
1.637499999999999956e+00
1.638333333333333197e+00
1.639166666666666661e+00
1.639999999999999902e+00
1.641000000000000014e+00
1.641999999999999904e+00
1.643000000000000016e+00
1.645333333333333314e+00
1.647666666666666613e+00
1.649999999999999911e+00
1.653333333333333321e+00
1.656666666666666510e+00
1.659999999999999920e+00
1.660833333333333384e+00
1.661666666666666625e+00
1.662500000000000089e+00
1.664666666666666739e+00
1.666833333333333389e+00
1.669000000000000039e+00
1.669333333333333336e+00
1.669666666666666632e+00
1.669999999999999929e+00
1.671333333333333337e+00
1.672666666666666524e+00
1.673999999999999932e+00
1.674333333333333229e+00
1.674666666666666748e+00
1.675000000000000044e+00
1.676666666666666750e+00
1.678333333333333233e+00
1.679999999999999938e+00
1.682499999999999885e+00
1.685000000000000053e+00
1.687500000000000000e+00
1.688333333333333242e+00
1.689166666666666705e+00
1.689999999999999947e+00
1.691000000000000059e+00
1.691999999999999948e+00
1.693000000000000060e+00
1.695333333333333359e+00
1.697666666666666657e+00
1.699999999999999956e+00
1.703333333333333366e+00
1.706666666666666554e+00
1.709999999999999964e+00
1.710833333333333206e+00
1.711666666666666670e+00
1.712499999999999911e+00
1.713666666666666671e+00
1.714833333333333210e+00
1.715999999999999970e+00
1.717333333333333378e+00
1.718666666666666565e+00
1.719999999999999973e+00
1.721000000000000085e+00
1.721999999999999975e+00
1.723000000000000087e+00
1.723666666666666680e+00
1.724333333333333496e+00
1.725000000000000089e+00
1.726666666666666794e+00
1.728333333333333277e+00
1.729999999999999982e+00
1.732499999999999929e+00
1.735000000000000098e+00
1.737500000000000044e+00
1.738333333333333286e+00
1.739166666666666750e+00
1.739999999999999991e+00
1.740666666666666584e+00
1.741333333333333400e+00
1.741999999999999993e+00
1.744666666666666588e+00
1.747333333333333405e+00
1.750000000000000000e+00
1.752666666666666595e+00
1.755333333333333412e+00
1.758000000000000007e+00
1.758666666666666600e+00
1.759333333333333416e+00
1.760000000000000009e+00
1.760833333333333250e+00
1.761666666666666714e+00
1.762499999999999956e+00
1.764999999999999902e+00
1.767500000000000071e+00
1.770000000000000018e+00
1.771333333333333426e+00
1.772666666666666613e+00
1.774000000000000021e+00
1.774333333333333318e+00
1.774666666666666615e+00
1.774999999999999911e+00
1.776666666666666616e+00
1.778333333333333321e+00
1.780000000000000027e+00
1.782499999999999973e+00
1.785000000000000142e+00
1.787500000000000089e+00
1.788333333333333330e+00
1.789166666666666794e+00
1.790000000000000036e+00
1.790999999999999925e+00
1.792000000000000037e+00
1.792999999999999927e+00
1.794666666666666632e+00
1.796333333333333337e+00
1.798000000000000043e+00
1.798666666666666636e+00
1.799333333333333451e+00
1.800000000000000044e+00
1.803333333333333455e+00
1.806666666666666643e+00
1.810000000000000053e+00
1.810833333333333295e+00
1.811666666666666758e+00
1.812500000000000000e+00
1.814999999999999947e+00
1.817500000000000115e+00
1.820000000000000062e+00
1.821666666666666767e+00
1.823333333333333250e+00
1.824999999999999956e+00
1.825333333333333252e+00
1.825666666666666771e+00
1.826000000000000068e+00
1.827333333333333476e+00
1.828666666666666663e+00
1.830000000000000071e+00
1.832500000000000018e+00
1.834999999999999964e+00
1.837499999999999911e+00
1.838333333333333375e+00
1.839166666666666616e+00
1.840000000000000080e+00
1.840333333333333377e+00
1.840666666666666673e+00
1.840999999999999970e+00
1.843666666666666565e+00
1.846333333333333382e+00
1.848999999999999977e+00
1.849333333333333274e+00
1.849666666666666792e+00
1.850000000000000089e+00
1.853333333333333499e+00
1.856666666666666687e+00
1.860000000000000098e+00
1.860833333333333339e+00
1.861666666666666803e+00
1.862500000000000044e+00
1.864999999999999991e+00
1.867500000000000160e+00
1.870000000000000107e+00
1.870333333333333403e+00
1.870666666666666700e+00
1.870999999999999996e+00
1.872000000000000108e+00
1.872999999999999998e+00
1.874000000000000110e+00
1.874333333333333407e+00
1.874666666666666703e+00
1.875000000000000000e+00
1.875666666666666593e+00
1.876333333333333409e+00
1.877000000000000002e+00
1.877999999999999892e+00
1.879000000000000004e+00
1.879999999999999893e+00
1.882499999999999840e+00
1.885000000000000009e+00
1.887499999999999956e+00
1.887999999999999901e+00
1.888500000000000068e+00
1.889000000000000012e+00
1.889333333333333309e+00
1.889666666666666606e+00
1.889999999999999902e+00
1.891000000000000014e+00
1.891999999999999904e+00
1.893000000000000016e+00
1.895333333333333314e+00
1.897666666666666613e+00
1.899999999999999911e+00
1.900333333333333208e+00
1.900666666666666726e+00
1.901000000000000023e+00
1.901666666666666616e+00
1.902333333333333432e+00
1.903000000000000025e+00
1.904500000000000082e+00
1.905999999999999917e+00
1.907499999999999973e+00
1.908333333333333215e+00
1.909166666666666679e+00
1.909999999999999920e+00
1.910833333333333384e+00
1.911666666666666625e+00
1.912500000000000089e+00
1.912666666666666737e+00
1.912833333333333385e+00
1.913000000000000034e+00
1.915333333333333332e+00
1.917666666666666631e+00
1.919999999999999929e+00
1.921666666666666634e+00
1.923333333333333339e+00
1.925000000000000044e+00
1.925333333333333341e+00
1.925666666666666638e+00
1.925999999999999934e+00
1.926333333333333231e+00
1.926666666666666750e+00
1.927000000000000046e+00
1.927999999999999936e+00
1.929000000000000048e+00
1.929999999999999938e+00
1.932333333333333236e+00
1.934666666666666757e+00
1.937000000000000055e+00
